,x1,x2,x3,x4,x5,x6,x7,x8,x9,x10
0,-0.8241633836921342,0.9085997380242599,0.7561375069124818,-0.527668557291984,0.5225107881133605,-0.5067873731938901,-0.5163799235734484,0.5195881810909314,0.8508648214081524,-1.1387599367506689
1,1.2133516482134197,-1.4829825668676926,-1.3225107746384335,0.5770938751757179,0.5225107881133605,-0.5067873731938901,0.6940460475663703,-2.0494867143031175,-1.1752748202059096,-1.1387599367506689
2,1.2133516482134197,0.9085997380242599,-1.3225107746384335,-0.25147794917505856,-0.5527137238424564,-0.5067873731938901,-0.5036203511241232,0.5195881810909314,-1.1752748202059096,0.8781482099321078
3,1.2133516482134197,-1.4829825668676926,-1.3225107746384335,0.36995091908802374,0.5225107881133605,-0.5067873731938901,0.3503258494659029,0.5195881810909314,-1.1752748202059096,-1.1387599367506689
4,-0.8241633836921342,0.9085997380242599,0.7561375069124818,0.36995091908802374,-0.5527137238424564,-0.5067873731938901,-0.5012574673372111,0.5195881810909314,0.8508648214081524,0.8781482099321078
5,-0.8241633836921342,-1.4829825668676926,0.7561375069124818,1.6818563076434199,-0.5527137238424564,-0.5067873731938901,0.3269332999754732,0.5195881810909314,0.8508648214081524,0.8781482099321078
6,-0.8241633836921342,0.9085997380242599,0.7561375069124818,-1.9086215978766115,2.672959812024994,0.664747073929648,-0.2550449767409723,0.5195881810909314,-1.1752748202059096,-1.1387599367506689
7,1.2133516482134197,0.9085997380242599,-1.3225107746384335,-0.1824302971458272,-0.5527137238424564,1.8362815210531864,-0.442973630695723,0.5195881810909314,-1.1752748202059096,-1.1387599367506689
8,1.2133516482134197,-0.2871914144217163,-1.3225107746384335,-1.080049773525835,0.5225107881133605,-0.5067873731938901,-0.08499673697854274,-2.0494867143031175,-1.1752748202059096,-1.1387599367506689
9,1.2133516482134197,0.9085997380242599,-1.3225107746384335,-1.7705262938181487,0.5225107881133605,0.664747073929648,-0.3377459092828951,0.5195881810909314,-1.1752748202059096,-1.1387599367506689
10,1.2133516482134197,-1.4829825668676926,-1.3225107746384335,1.9580469157603453,-0.5527137238424564,-0.5067873731938901,-0.15155066687422314,0.5195881810909314,-1.1752748202059096,0.8781482099321078
11,-0.8241633836921342,0.9085997380242599,0.7561375069124818,-0.6657638613504469,-0.5527137238424564,-0.5067873731938901,-0.5012574673372111,0.5195881810909314,0.8508648214081524,0.8781482099321078
12,-0.8241633836921342,0.9085997380242599,0.7561375069124818,0.6461415272049492,0.5225107881133605,5.350884862423801,-0.06223365972894651,0.5195881810909314,0.8508648214081524,-1.1387599367506689
13,-0.8241633836921342,0.9085997380242599,-1.3225107746384335,-1.080049773525835,-0.5527137238424564,-0.5067873731938901,-0.5049586885010302,0.5195881810909314,-1.1752748202059096,0.8781482099321078
14,1.2133516482134197,-0.2871914144217163,-1.3225107746384335,1.7509039596726512,-0.5527137238424564,-0.5067873731938901,-0.3509780584896028,0.5195881810909314,-1.1752748202059096,0.8781482099321078
15,-0.8241633836921342,0.9085997380242599,0.7561375069124818,-1.9086215978766115,3.748184323980811,0.664747073929648,-0.10287526086383428,-0.7649492666060931,-1.1752748202059096,-1.1387599367506689
16,-0.8241633836921342,0.9085997380242599,-1.3225107746384335,0.09376031097109827,0.5225107881133605,-0.5067873731938901,-0.3131719178990095,0.5195881810909314,-1.1752748202059096,-1.1387599367506689
17,-0.8241633836921342,-0.2871914144217163,0.7561375069124818,0.36995091908802374,-0.5527137238424564,-0.5067873731938901,-0.1619473555366363,0.5195881810909314,0.8508648214081524,0.8781482099321078
18,1.2133516482134197,-0.2871914144217163,0.7561375069124818,0.3009032670587924,-0.5527137238424564,-0.5067873731938901,-0.4076872693754927,0.5195881810909314,0.8508648214081524,0.8781482099321078
19,1.2133516482134197,0.9085997380242599,-1.3225107746384335,-1.0110021214966036,-0.5527137238424564,-0.5067873731938901,-0.5016506511993533,-0.7649492666060931,-1.1752748202059096,0.8781482099321078
20,1.2133516482134197,-1.4829825668676926,0.7561375069124818,-0.11338264511659583,-0.5527137238424564,-0.5067873731938901,0.017631812268681855,0.5195881810909314,0.8508648214081524,0.8781482099321078
21,-0.8241633836921342,0.9085997380242599,-1.3225107746384335,-1.4943356857012233,2.672959812024994,0.664747073929648,-0.2550449767409723,0.5195881810909314,-1.1752748202059096,-1.1387599367506689
22,1.2133516482134197,0.9085997380242599,-1.3225107746384335,0.5770938751757179,0.5225107881133605,5.350884862423801,-0.06010706432072562,0.5195881810909314,-1.1752748202059096,-1.1387599367506689
23,-0.8241633836921342,-1.4829825668676926,0.7561375069124818,-0.7348115133796782,2.672959812024994,1.8362815210531864,4.318080304448669,0.5195881810909314,0.8508648214081524,-1.1387599367506689
24,-0.8241633836921342,-1.4829825668676926,0.7561375069124818,0.7151891792341806,-0.5527137238424564,-0.5067873731938901,-0.1294189521724898,-2.0494867143031175,0.8508648214081524,0.8781482099321078
25,-0.8241633836921342,-0.2871914144217163,0.7561375069124818,2.5104281319941966,-0.5527137238424564,-0.5067873731938901,-0.45494494511373434,0.5195881810909314,0.8508648214081524,0.8781482099321078
26,-0.8241633836921342,-1.4829825668676926,0.7561375069124818,-0.11338264511659583,0.5225107881133605,-0.5067873731938901,0.8998532254064127,-2.0494867143031175,0.8508648214081524,-1.1387599367506689
27,-0.8241633836921342,-1.4829825668676926,0.7561375069124818,0.8532844832926434,0.5225107881133605,-0.5067873731938901,0.32953247214107656,0.5195881810909314,0.8508648214081524,-1.1387599367506689
28,-0.8241633836921342,0.9085997380242599,0.7561375069124818,-0.5967162093212154,-0.5527137238424564,-0.5067873731938901,-0.5012574673372111,0.5195881810909314,0.8508648214081524,0.8781482099321078
29,-0.8241633836921342,0.9085997380242599,-1.3225107746384335,-0.8038591654089096,1.5977353000691772,-0.5067873731938901,-0.3131719178990095,0.5195881810909314,-1.1752748202059096,-1.1387599367506689
30,1.2133516482134197,0.9085997380242599,-1.3225107746384335,-1.080049773525835,0.5225107881133605,-0.5067873731938901,-0.4409245378757128,-2.0494867143031175,-1.1752748202059096,-1.1387599367506689
31,-0.8241633836921342,0.9085997380242599,-1.3225107746384335,0.7151891792341806,0.5225107881133605,-0.5067873731938901,-0.47432059216641337,0.5195881810909314,-1.1752748202059096,-1.1387599367506689
32,-0.8241633836921342,-0.2871914144217163,-1.3225107746384335,-0.1824302971458272,0.5225107881133605,-0.5067873731938901,-0.2564627070131195,0.5195881810909314,-1.1752748202059096,-1.1387599367506689
33,1.2133516482134197,-0.2871914144217163,-1.3225107746384335,-1.83957394584738,0.5225107881133605,1.8362815210531864,0.13254735720784924,-2.0494867143031175,-1.1752748202059096,-1.1387599367506689
34,1.2133516482134197,0.9085997380242599,-1.3225107746384335,-0.7348115133796782,-0.5527137238424564,-0.5067873731938901,-0.5044861117436478,-0.7649492666060931,-1.1752748202059096,0.8781482099321078
35,-0.8241633836921342,0.9085997380242599,-1.3225107746384335,-0.8038591654089096,0.5225107881133605,-0.5067873731938901,-0.3169525319580688,0.5195881810909314,-1.1752748202059096,-1.1387599367506689
36,-0.8241633836921342,0.9085997380242599,0.7561375069124818,-1.5633833377304547,3.748184323980811,0.664747073929648,0.09678841913023657,0.5195881810909314,-1.1752748202059096,-1.1387599367506689
37,-0.8241633836921342,0.9085997380242599,0.7561375069124818,-0.5967162093212154,-0.5527137238424564,-0.5067873731938901,-0.5059832349110353,0.5195881810909314,0.8508648214081524,0.8781482099321078
38,1.2133516482134197,-1.4829825668676926,-1.3225107746384335,1.3366180474972629,0.5225107881133605,-0.5067873731938901,0.7969902780875265,-2.0494867143031175,-1.1752748202059096,-1.1387599367506689
39,1.2133516482134197,-0.2871914144217163,-1.3225107746384335,-0.044334993087364466,0.5225107881133605,-0.5067873731938901,-0.1619473555366363,0.5195881810909314,-1.1752748202059096,-1.1387599367506689
40,-0.8241633836921342,-1.4829825668676926,0.7561375069124818,2.441380479964965,-0.5527137238424564,0.664747073929648,0.5181699912319008,-2.0494867143031175,0.8508648214081524,-1.1387599367506689
41,1.2133516482134197,-0.2871914144217163,-1.3225107746384335,-0.5967162093212154,-0.5527137238424564,-0.5067873731938901,-0.45494494511373434,0.5195881810909314,-1.1752748202059096,0.8781482099321078
42,-0.8241633836921342,0.9085997380242599,0.7561375069124818,-0.07885881910198016,-0.5527137238424564,-0.5067873731938901,-0.5167731074355907,-2.0494867143031175,0.8508648214081524,0.8781482099321078
43,1.2133516482134197,-0.2871914144217163,-1.3225107746384335,-1.7014786417889174,0.5225107881133605,1.8362815210531864,-0.12886698251986717,0.5195881810909314,-1.1752748202059096,-1.1387599367506689
44,-0.8241633836921342,0.9085997380242599,0.7561375069124818,-1.287192729613529,4.823408835936628,1.8362815210531864,0.2331268136350636,0.5195881810909314,-1.1752748202059096,-1.1387599367506689
45,-0.8241633836921342,0.9085997380242599,0.7561375069124818,-0.527668557291984,-0.5527137238424564,-0.5067873731938901,-0.5167731074355907,-2.0494867143031175,0.8508648214081524,0.8781482099321078
46,-0.8241633836921342,-1.4829825668676926,0.7561375069124818,1.0604274393803375,0.5225107881133605,-0.5067873731938901,0.9245066096855384,0.5195881810909314,0.8508648214081524,-1.1387599367506689
47,-0.8241633836921342,0.9085997380242599,0.7561375069124818,-1.7705262938181487,2.672959812024994,1.8362815210531864,-0.12603152197557269,0.5195881810909314,-1.1752748202059096,-1.1387599367506689
48,1.2133516482134197,-0.2871914144217163,-1.3225107746384335,-0.044334993087364466,-0.5527137238424564,-0.5067873731938901,-0.45494494511373434,0.5195881810909314,-1.1752748202059096,0.8781482099321078
49,-0.8241633836921342,0.9085997380242599,0.7561375069124818,-0.7348115133796782,-0.5527137238424564,-0.5067873731938901,-0.4992102648242305,0.5195881810909314,0.8508648214081524,0.8781482099321078
50,1.2133516482134197,0.9085997380242599,-1.3225107746384335,-0.8729068174381409,3.748184323980811,1.8362815210531864,-0.5036203511241232,0.5195881810909314,-1.1752748202059096,-1.1387599367506689
51,-0.8241633836921342,0.9085997380242599,0.7561375069124818,-0.25147794917505856,1.5977353000691772,-0.5067873731938901,-0.4896793367813419,0.5195881810909314,0.8508648214081524,-1.1387599367506689
52,-0.8241633836921342,-0.2871914144217163,0.7561375069124818,0.16280796300032965,-0.5527137238424564,-0.5067873731938901,-0.45494494511373434,0.5195881810909314,0.8508648214081524,0.8781482099321078
53,-0.8241633836921342,0.9085997380242599,-1.3225107746384335,-0.9419544694673723,4.823408835936628,1.8362815210531864,0.2331268136350636,0.5195881810909314,-1.1752748202059096,-1.1387599367506689
54,-0.8241633836921342,-0.2871914144217163,0.7561375069124818,-0.5967162093212154,-0.5527137238424564,-0.5067873731938901,0.7359484834899545,0.5195881810909314,0.8508648214081524,0.8781482099321078
55,-0.8241633836921342,0.9085997380242599,0.7561375069124818,-0.25147794917505856,0.5225107881133605,-0.5067873731938901,-0.3801984245520723,-2.0494867143031175,0.8508648214081524,-1.1387599367506689
56,1.2133516482134197,0.9085997380242599,0.7561375069124818,0.16280796300032965,-0.5527137238424564,-0.5067873731938901,0.41451689557467125,0.5195881810909314,0.8508648214081524,0.8781482099321078
57,-0.8241633836921342,0.9085997380242599,0.7561375069124818,-0.32052560120428997,-0.5527137238424564,-0.5067873731938901,-0.5088186954553298,0.5195881810909314,0.8508648214081524,0.8781482099321078
58,1.2133516482134197,-0.2871914144217163,0.7561375069124818,-1.9894073507508123,-0.5527137238424564,1.8362815210531864,-0.10523814465074635,0.5195881810909314,-1.1752748202059096,-1.1387599367506689
59,1.2133516482134197,0.9085997380242599,-1.3225107746384335,0.024712658941866902,-0.5527137238424564,-0.5067873731938901,-0.41761138128052344,0.5195881810909314,-1.1752748202059096,0.8781482099321078
60,-0.8241633836921342,0.9085997380242599,0.7561375069124818,-0.527668557291984,-0.5527137238424564,-0.5067873731938901,-0.4832995505566793,0.5195881810909314,0.8508648214081524,0.8781482099321078
61,1.2133516482134197,0.9085997380242599,0.7561375069124818,-0.044334993087364466,-0.5527137238424564,-0.5067873731938901,-0.473848015409031,0.5195881810909314,0.8508648214081524,0.8781482099321078
62,-0.8241633836921342,-1.4829825668676926,0.7561375069124818,-0.11338264511659583,-0.5527137238424564,-0.5067873731938901,0.23690742769412299,0.5195881810909314,0.8508648214081524,0.8781482099321078
63,1.2133516482134197,-0.2871914144217163,-1.3225107746384335,-0.8729068174381409,-0.5527137238424564,-0.5067873731938901,-0.45494494511373434,0.5195881810909314,-1.1752748202059096,0.8781482099321078
64,1.2133516482134197,0.9085997380242599,-1.3225107746384335,0.231855615029561,2.672959812024994,-0.5067873731938901,-0.35381351903389724,0.5195881810909314,-1.1752748202059096,-1.1387599367506689
65,-0.8241633836921342,0.9085997380242599,0.7561375069124818,-0.9419544694673723,0.5225107881133605,3.007815968176725,-0.003634141813526875,0.5195881810909314,0.8508648214081524,-1.1387599367506689
66,1.2133516482134197,-1.4829825668676926,-1.3225107746384335,-0.4586209052627527,2.672959812024994,1.8362815210531864,4.318080304448669,0.5195881810909314,-1.1752748202059096,-1.1387599367506689
67,-0.8241633836921342,0.9085997380242599,0.7561375069124818,-0.3895732532335213,-0.5527137238424564,-0.5067873731938901,-0.5012574673372111,0.5195881810909314,0.8508648214081524,0.8781482099321078
68,-0.8241633836921342,0.9085997380242599,0.7561375069124818,-0.044334993087364466,-0.5527137238424564,-0.5067873731938901,-0.5012574673372111,0.5195881810909314,0.8508648214081524,0.8781482099321078
69,-0.8241633836921342,0.9085997380242599,0.7561375069124818,-0.6657638613504469,-0.5527137238424564,-0.5067873731938901,-0.5049586885010302,0.5195881810909314,0.8508648214081524,0.8781482099321078
70,-0.8241633836921342,-1.4829825668676926,0.7561375069124818,1.1294750914095688,0.5225107881133605,-0.5067873731938901,0.5029681421004232,0.5195881810909314,0.8508648214081524,-1.1387599367506689
71,-0.8241633836921342,0.9085997380242599,0.7561375069124818,-0.25147794917505856,0.5225107881133605,1.8362815210531864,-0.2644965118886206,0.5195881810909314,0.8508648214081524,-1.1387599367506689
72,-0.8241633836921342,0.9085997380242599,0.7561375069124818,2.0270945677895766,-0.5527137238424564,-0.5067873731938901,-0.5163799235734484,0.5195881810909314,0.8508648214081524,0.8781482099321078
73,-0.8241633836921342,-1.4829825668676926,0.7561375069124818,2.8556663921403533,-0.5527137238424564,-0.5067873731938901,0.0016435954129200062,-2.0494867143031175,0.8508648214081524,0.8781482099321078
74,1.2133516482134197,-1.4829825668676926,0.7561375069124818,-0.4586209052627527,-0.5527137238424564,0.664747073929648,0.5442392154761444,-2.0494867143031175,0.8508648214081524,-1.1387599367506689
75,1.2133516482134197,-0.2871914144217163,-1.3225107746384335,0.3009032670587924,-0.5527137238424564,0.664747073929648,-0.21865656642252623,0.5195881810909314,-1.1752748202059096,-1.1387599367506689
76,-0.8241633836921342,-0.2871914144217163,0.7561375069124818,0.3009032670587924,0.5225107881133605,-0.5067873731938901,-0.1619473555366363,0.5195881810909314,0.8508648214081524,-1.1387599367506689
77,-0.8241633836921342,0.9085997380242599,-1.3225107746384335,-0.11338264511659583,-0.5527137238424564,-0.5067873731938901,-0.5041723207767458,0.5195881810909314,-1.1752748202059096,0.8781482099321078
78,-0.8241633836921342,-1.4829825668676926,0.7561375069124818,-0.5967162093212154,-0.5527137238424564,0.664747073929648,0.8075438622333904,0.5195881810909314,0.8508648214081524,-1.1387599367506689
79,-0.8241633836921342,0.9085997380242599,0.7561375069124818,0.231855615029561,-0.5527137238424564,-0.5067873731938901,-0.4898362322647929,0.5195881810909314,0.8508648214081524,0.8781482099321078
80,-0.8241633836921342,0.9085997380242599,0.7561375069124818,0.5080462231464865,1.5977353000691772,-0.5067873731938901,-0.5036203511241232,0.5195881810909314,0.8508648214081524,-1.1387599367506689
81,-0.8241633836921342,0.9085997380242599,0.7561375069124818,-0.11338264511659583,-0.5527137238424564,-0.5067873731938901,-0.5041723207767458,0.5195881810909314,0.8508648214081524,0.8781482099321078
82,1.2133516482134197,0.9085997380242599,-1.3225107746384335,-0.5967162093212154,-0.5527137238424564,-0.5067873731938901,-0.5088186954553298,0.5195881810909314,-1.1752748202059096,0.8781482099321078
83,-0.8241633836921342,0.9085997380242599,0.7561375069124818,0.5770938751757179,-0.5527137238424564,-0.5067873731938901,-0.5041723207767458,0.5195881810909314,0.8508648214081524,0.8781482099321078
84,-0.8241633836921342,-1.4829825668676926,0.7561375069124818,1.1985227434388002,-0.5527137238424564,-0.5067873731938901,0.32953247214107656,0.5195881810909314,0.8508648214081524,0.8781482099321078
85,-0.8241633836921342,0.9085997380242599,-1.3225107746384335,-1.0455259475112193,0.5225107881133605,-0.5067873731938901,-0.3801984245520723,-2.0494867143031175,-1.1752748202059096,-1.1387599367506689
86,-0.8241633836921342,0.9085997380242599,0.7561375069124818,-0.527668557291984,-0.5527137238424564,-0.5067873731938901,-0.5012574673372111,0.5195881810909314,0.8508648214081524,0.8781482099321078
87,-0.8241633836921342,0.9085997380242599,-1.3225107746384335,-0.6657638613504469,0.5225107881133605,-0.5067873731938901,-0.4677045175630596,0.5195881810909314,-1.1752748202059096,-1.1387599367506689
88,-0.8241633836921342,0.9085997380242599,-1.3225107746384335,-0.8729068174381409,-0.5527137238424564,-0.5067873731938901,-0.3801209219638616,-2.0494867143031175,-1.1752748202059096,0.8781482099321078
89,-0.8241633836921342,0.9085997380242599,0.7561375069124818,-0.5967162093212154,-0.5527137238424564,-0.5067873731938901,-0.5036203511241232,0.5195881810909314,0.8508648214081524,0.8781482099321078
90,-0.8241633836921342,0.9085997380242599,0.7561375069124818,2.8211425661257374,-0.5527137238424564,-0.5067873731938901,-0.5069283884258001,-0.7649492666060931,0.8508648214081524,0.8781482099321078
91,-0.8241633836921342,-0.2871914144217163,0.7561375069124818,-0.044334993087364466,0.5225107881133605,-0.5067873731938901,-0.2564627070131195,0.5195881810909314,0.8508648214081524,-1.1387599367506689
92,-0.8241633836921342,-1.4829825668676926,0.7561375069124818,-0.3895732532335213,-0.5527137238424564,0.664747073929648,4.025475898733713,-2.0494867143031175,0.8508648214081524,-1.1387599367506689
93,-0.8241633836921342,0.9085997380242599,-1.3225107746384335,-1.9086215978766115,3.748184323980811,1.8362815210531864,-0.06223365972894651,0.5195881810909314,-1.1752748202059096,-1.1387599367506689
94,-0.8241633836921342,-0.2871914144217163,0.7561375069124818,-0.5967162093212154,1.5977353000691772,-0.5067873731938901,0.7359484834899545,0.5195881810909314,0.8508648214081524,-1.1387599367506689
95,-0.8241633836921342,-0.2871914144217163,0.7561375069124818,0.19733178901494533,0.5225107881133605,-0.5067873731938901,-0.08499673697854274,-2.0494867143031175,0.8508648214081524,-1.1387599367506689
96,1.2133516482134197,-0.2871914144217163,-1.3225107746384335,0.19733178901494533,-0.5527137238424564,-0.5067873731938901,-0.4076872693754927,0.5195881810909314,-1.1752748202059096,0.8781482099321078
97,-0.8241633836921342,-1.4829825668676926,0.7561375069124818,1.6818563076434199,-0.5527137238424564,0.664747073929648,0.8075438622333904,0.5195881810909314,0.8508648214081524,-1.1387599367506689
98,1.2133516482134197,0.9085997380242599,0.7561375069124818,-1.2181450775842977,0.5225107881133605,-0.5067873731938901,-0.4409245378757128,-2.0494867143031175,-1.1752748202059096,-1.1387599367506689
99,1.2133516482134197,0.9085997380242599,0.7561375069124818,-0.3895732532335213,-0.5527137238424564,-0.5067873731938901,-0.518427126086429,0.5195881810909314,0.8508648214081524,0.8781482099321078
100,-0.8241633836921342,0.9085997380242599,0.7561375069124818,1.0604274393803375,-0.5527137238424564,-0.5067873731938901,-0.521578267904655,0.5195881810909314,0.8508648214081524,0.8781482099321078
101,-0.8241633836921342,0.9085997380242599,0.7561375069124818,0.231855615029561,-0.5527137238424564,-0.5067873731938901,-0.5041723207767458,-2.0494867143031175,0.8508648214081524,0.8781482099321078
102,-0.8241633836921342,0.9085997380242599,0.7561375069124818,-0.6657638613504469,-0.5527137238424564,-0.5067873731938901,-0.5201605376325078,0.5195881810909314,0.8508648214081524,0.8781482099321078
103,-0.8241633836921342,0.9085997380242599,-1.3225107746384335,1.1985227434388002,0.5225107881133605,-0.5067873731938901,-0.3793326639325477,0.5195881810909314,-1.1752748202059096,-1.1387599367506689
104,1.2133516482134197,-0.2871914144217163,-1.3225107746384335,-0.044334993087364466,0.5225107881133605,-0.5067873731938901,-0.1619473555366363,0.5195881810909314,-1.1752748202059096,-1.1387599367506689
105,-0.8241633836921342,-0.2871914144217163,0.7561375069124818,-0.32052560120428997,-0.5527137238424564,-0.5067873731938901,-0.4076872693754927,0.5195881810909314,0.8508648214081524,0.8781482099321078
106,-0.8241633836921342,-0.2871914144217163,0.7561375069124818,-0.4586209052627527,-0.5527137238424564,-0.5067873731938901,-0.36901536816537484,-2.0494867143031175,0.8508648214081524,0.8781482099321078
107,1.2133516482134197,-1.4829825668676926,-1.3225107746384335,-0.7348115133796782,-0.5527137238424564,1.8362815210531864,-0.15659211572197876,0.5195881810909314,-1.1752748202059096,-1.1387599367506689
108,-0.8241633836921342,-1.4829825668676926,0.7561375069124818,0.5080462231464865,0.5225107881133605,-0.5067873731938901,0.3503258494659029,0.5195881810909314,0.8508648214081524,-1.1387599367506689
109,-0.8241633836921342,0.9085997380242599,0.7561375069124818,-0.9419544694673723,-0.5527137238424564,-0.5067873731938901,-0.4792032552236885,0.5195881810909314,0.8508648214081524,0.8781482099321078
110,-0.8241633836921342,-1.4829825668676926,0.7561375069124818,-0.3895732532335213,-0.5527137238424564,-0.5067873731938901,0.8436959841731454,-2.0494867143031175,0.8508648214081524,0.8781482099321078
111,1.2133516482134197,0.9085997380242599,-1.3225107746384335,-0.527668557291984,-0.5527137238424564,-0.5067873731938901,-0.5069283884258001,0.5195881810909314,-1.1752748202059096,0.8781482099321078
112,1.2133516482134197,0.9085997380242599,-1.3225107746384335,-0.3895732532335213,0.5225107881133605,-0.5067873731938901,-0.35381351903389724,0.5195881810909314,-1.1752748202059096,-1.1387599367506689
113,-0.8241633836921342,0.9085997380242599,0.7561375069124818,-0.7348115133796782,-0.5527137238424564,-0.5067873731938901,-0.5258314587210967,-0.7649492666060931,0.8508648214081524,0.8781482099321078
114,-0.8241633836921342,-0.2871914144217163,0.7561375069124818,-0.8038591654089096,-0.5527137238424564,-0.5067873731938901,-0.4360418748184377,0.5195881810909314,0.8508648214081524,0.8781482099321078
115,-0.8241633836921342,-0.2871914144217163,0.7561375069124818,-0.7348115133796782,0.5225107881133605,0.664747073929648,0.04126065013780266,0.5195881810909314,0.8508648214081524,-1.1387599367506689
116,1.2133516482134197,0.9085997380242599,0.7561375069124818,-0.1824302971458272,-0.5527137238424564,-0.5067873731938901,-0.5060626278062755,0.5195881810909314,0.8508648214081524,0.8781482099321078
117,-0.8241633836921342,0.9085997380242599,-1.3225107746384335,-1.425288033671992,1.5977353000691772,1.8362815210531864,-0.003634141813526875,0.5195881810909314,-1.1752748202059096,-1.1387599367506689
118,-0.8241633836921342,-0.2871914144217163,0.7561375069124818,0.47352239713187083,-0.5527137238424564,1.8362815210531864,-0.1619473555366363,0.5195881810909314,0.8508648214081524,-1.1387599367506689
119,-0.8241633836921342,-0.2871914144217163,0.7561375069124818,0.8532844832926434,-0.5527137238424564,-0.5067873731938901,-0.4076872693754927,0.5195881810909314,0.8508648214081524,0.8781482099321078
120,-0.8241633836921342,-0.2871914144217163,0.7561375069124818,1.4747133515557256,-0.5527137238424564,-0.5067873731938901,-0.4166662277657586,0.5195881810909314,0.8508648214081524,0.8781482099321078
121,1.2133516482134197,-1.4829825668676926,-1.3225107746384335,-0.527668557291984,0.5225107881133605,-0.5067873731938901,0.6055172984524075,0.5195881810909314,-1.1752748202059096,-1.1387599367506689
122,-0.8241633836921342,0.9085997380242599,0.7561375069124818,1.785427785687267,-0.5527137238424564,-0.5067873731938901,-0.5012574673372111,0.5195881810909314,0.8508648214081524,0.8781482099321078
123,-0.8241633836921342,0.9085997380242599,0.7561375069124818,0.7497130052487962,-0.5527137238424564,1.8362815210531864,-0.3793326639325477,0.5195881810909314,0.8508648214081524,-1.1387599367506689
124,-0.8241633836921342,-1.4829825668676926,0.7561375069124818,1.4747133515557256,-0.5527137238424564,0.664747073929648,0.5068281490547228,-2.0494867143031175,0.8508648214081524,-1.1387599367506689
125,1.2133516482134197,0.9085997380242599,-1.3225107746384335,-0.9419544694673723,-0.5527137238424564,-0.5067873731938901,-0.5072440696997316,-0.7649492666060931,-1.1752748202059096,0.8781482099321078
126,-0.8241633836921342,0.9085997380242599,0.7561375069124818,0.024712658941866902,-0.5527137238424564,-0.5067873731938901,-0.5012574673372111,0.5195881810909314,0.8508648214081524,0.8781482099321078
127,-0.8241633836921342,0.9085997380242599,0.7561375069124818,0.9913797873511061,-0.5527137238424564,0.664747073929648,-0.3490877514600731,0.5195881810909314,0.8508648214081524,-1.1387599367506689
128,1.2133516482134197,-0.2871914144217163,-1.3225107746384335,0.7151891792341806,-0.5527137238424564,-0.5067873731938901,-0.35570382606342693,0.5195881810909314,-1.1752748202059096,0.8781482099321078
129,-0.8241633836921342,0.9085997380242599,0.7561375069124818,-0.25147794917505856,-0.5527137238424564,-0.5067873731938901,-0.5064558116684177,0.5195881810909314,0.8508648214081524,0.8781482099321078
130,-0.8241633836921342,0.9085997380242599,0.7561375069124818,-0.8729068174381409,-0.5527137238424564,-0.5067873731938901,-0.4896793367813419,0.5195881810909314,0.8508648214081524,0.8781482099321078
131,-0.8241633836921342,0.9085997380242599,0.7561375069124818,-1.9776692499058428,3.748184323980811,0.664747073929648,0.09678841913023657,0.5195881810909314,-1.1752748202059096,-1.1387599367506689
132,1.2133516482134197,0.9085997380242599,0.7561375069124818,-1.425288033671992,-0.5527137238424564,1.8362815210531864,-0.2654416654033855,0.5195881810909314,-1.1752748202059096,-1.1387599367506689
133,-0.8241633836921342,0.9085997380242599,-1.3225107746384335,1.0604274393803375,0.5225107881133605,4.179350415300263,-0.12603152197557269,0.5195881810909314,-1.1752748202059096,-1.1387599367506689
134,-0.8241633836921342,0.9085997380242599,0.7561375069124818,-0.11338264511659583,-0.5527137238424564,-0.5067873731938901,0.41451689557467125,0.5195881810909314,0.8508648214081524,0.8781482099321078
135,-0.8241633836921342,-1.4829825668676926,0.7561375069124818,2.1651898718480393,-0.5527137238424564,-0.5067873731938901,-0.02017432832191144,0.5195881810909314,0.8508648214081524,0.8781482099321078
136,-0.8241633836921342,0.9085997380242599,0.7561375069124818,-1.7705262938181487,3.748184323980811,0.664747073929648,-0.10287526086383428,-0.7649492666060931,-1.1752748202059096,-1.1387599367506689
137,1.2133516482134197,0.9085997380242599,-1.3225107746384335,-1.9776692499058428,0.5225107881133605,0.664747073929648,-0.442973630695723,0.5195881810909314,-1.1752748202059096,-1.1387599367506689
138,-0.8241633836921342,0.9085997380242599,0.7561375069124818,-0.5967162093212154,-0.5527137238424564,-0.5067873731938901,-0.5036203511241232,0.5195881810909314,0.8508648214081524,0.8781482099321078
139,-0.8241633836921342,-1.4829825668676926,0.7561375069124818,1.8199516117018826,-0.5527137238424564,-0.5067873731938901,-0.07318231804398233,-2.0494867143031175,0.8508648214081524,0.8781482099321078
140,-0.8241633836921342,0.9085997380242599,0.7561375069124818,-0.8038591654089096,0.5225107881133605,0.664747073929648,-0.5049586885010302,0.5195881810909314,0.8508648214081524,-1.1387599367506689
141,-0.8241633836921342,-1.4829825668676926,-1.3225107746384335,1.4056656995264942,-0.5527137238424564,-0.5067873731938901,-0.11067277736064417,-2.0494867143031175,-1.1752748202059096,0.8781482099321078
142,-0.8241633836921342,-0.2871914144217163,0.7561375069124818,0.024712658941866902,-0.5527137238424564,-0.5067873731938901,-0.4076872693754927,0.5195881810909314,0.8508648214081524,0.8781482099321078
143,-0.8241633836921342,0.9085997380242599,0.7561375069124818,0.43899857111725515,-0.5527137238424564,-0.5067873731938901,-0.6534271832143491,0.5195881810909314,0.8508648214081524,0.8781482099321078
144,-0.8241633836921342,0.9085997380242599,0.7561375069124818,-1.425288033671992,3.748184323980811,1.8362815210531864,-0.06010706432072562,0.5195881810909314,-1.1752748202059096,-1.1387599367506689
145,1.2133516482134197,-0.2871914144217163,0.7561375069124818,-1.9776692499058428,1.5977353000691772,0.664747073929648,0.08379255830222011,0.5195881810909314,-1.1752748202059096,-1.1387599367506689
146,1.2133516482134197,0.9085997380242599,-1.3225107746384335,-1.7705262938181487,-0.5527137238424564,1.8362815210531864,-0.2370870599604405,0.5195881810909314,-1.1752748202059096,-1.1387599367506689
147,1.2133516482134197,-1.4829825668676926,0.7561375069124818,1.0604274393803375,-0.5527137238424564,-0.5067873731938901,-0.15155066687422314,0.5195881810909314,0.8508648214081524,0.8781482099321078
148,-0.8241633836921342,0.9085997380242599,0.7561375069124818,0.7151891792341806,0.5225107881133605,0.664747073929648,-0.3604295936372511,-0.7649492666060931,0.8508648214081524,-1.1387599367506689
149,-0.8241633836921342,0.9085997380242599,0.7561375069124818,0.43899857111725515,-0.5527137238424564,-0.5067873731938901,-0.5041723207767458,0.5195881810909314,0.8508648214081524,0.8781482099321078
150,1.2133516482134197,-0.2871914144217163,-1.3225107746384335,0.16280796300032965,-0.5527137238424564,-0.5067873731938901,-0.4076872693754927,0.5195881810909314,-1.1752748202059096,0.8781482099321078
151,-0.8241633836921342,-0.2871914144217163,0.7561375069124818,-0.7348115133796782,-0.5527137238424564,-0.5067873731938901,-0.4076872693754927,0.5195881810909314,0.8508648214081524,0.8781482099321078
152,1.2133516482134197,0.9085997380242599,-1.3225107746384335,-0.7348115133796782,0.5225107881133605,-0.5067873731938901,-0.5049586885010302,0.5195881810909314,-1.1752748202059096,-1.1387599367506689
153,1.2133516482134197,-0.2871914144217163,0.7561375069124818,-1.83957394584738,0.5225107881133605,0.664747073929648,-0.1619473555366363,0.5195881810909314,-1.1752748202059096,-1.1387599367506689
154,1.2133516482134197,-1.4829825668676926,-1.3225107746384335,0.9913797873511061,-0.5527137238424564,-0.5067873731938901,-0.1294189521724898,-2.0494867143031175,-1.1752748202059096,0.8781482099321078
155,1.2133516482134197,-1.4829825668676926,-1.3225107746384335,1.9580469157603453,-0.5527137238424564,-0.5067873731938901,2.116265798908752,-2.0494867143031175,-1.1752748202059096,0.8781482099321078
156,-0.8241633836921342,0.9085997380242599,0.7561375069124818,0.8532844832926434,-0.5527137238424564,0.664747073929648,-0.49456199983861704,0.5195881810909314,0.8508648214081524,-1.1387599367506689
157,-0.8241633836921342,-0.2871914144217163,-1.3225107746384335,-0.3895732532335213,-0.5527137238424564,-0.5067873731938901,-0.4076872693754927,0.5195881810909314,-1.1752748202059096,0.8781482099321078
158,-0.8241633836921342,0.9085997380242599,0.7561375069124818,-0.11338264511659583,-0.5527137238424564,-0.5067873731938901,-0.473848015409031,0.5195881810909314,0.8508648214081524,0.8781482099321078
159,-0.8241633836921342,0.9085997380242599,0.7561375069124818,0.3009032670587924,-0.5527137238424564,-0.5067873731938901,-0.5306366191901611,0.5195881810909314,0.8508648214081524,0.8781482099321078
160,-0.8241633836921342,0.9085997380242599,0.7561375069124818,1.0949512653949531,-0.5527137238424564,-0.5067873731938901,-0.5168525003308309,-2.0494867143031175,0.8508648214081524,0.8781482099321078
161,1.2133516482134197,0.9085997380242599,0.7561375069124818,-0.8038591654089096,-0.5527137238424564,-0.5067873731938901,-0.5012574673372111,0.5195881810909314,0.8508648214081524,0.8781482099321078
162,-0.8241633836921342,0.9085997380242599,-1.3225107746384335,-1.9086215978766115,-0.5527137238424564,0.664747073929648,-0.455653810249808,0.5195881810909314,-1.1752748202059096,-1.1387599367506689
163,-0.8241633836921342,0.9085997380242599,0.7561375069124818,0.16280796300032965,0.5225107881133605,-0.5067873731938901,-0.35381351903389724,0.5195881810909314,0.8508648214081524,-1.1387599367506689
164,1.2133516482134197,0.9085997380242599,0.7561375069124818,-0.25147794917505856,-0.5527137238424564,-0.5067873731938901,-0.29828575004146335,-2.0494867143031175,0.8508648214081524,0.8781482099321078
165,1.2133516482134197,0.9085997380242599,-1.3225107746384335,-0.9419544694673723,-0.5527137238424564,-0.5067873731938901,-0.5069283884258001,-0.7649492666060931,-1.1752748202059096,0.8781482099321078
166,1.2133516482134197,-1.4829825668676926,0.7561375069124818,0.7151891792341806,-0.5527137238424564,-0.5067873731938901,-0.06743200406015305,-2.0494867143031175,0.8508648214081524,0.8781482099321078
167,-0.8241633836921342,0.9085997380242599,0.7561375069124818,-0.3895732532335213,-0.5527137238424564,-0.5067873731938901,-0.5201605376325078,0.5195881810909314,0.8508648214081524,0.8781482099321078
168,1.2133516482134197,-0.2871914144217163,-1.3225107746384335,0.36995091908802374,-0.5527137238424564,-0.5067873731938901,-0.2564627070131195,0.5195881810909314,-1.1752748202059096,0.8781482099321078
169,-0.8241633836921342,0.9085997380242599,0.7561375069124818,-0.527668557291984,-0.5527137238424564,-0.5067873731938901,-0.5163799235734484,0.5195881810909314,0.8508648214081524,0.8781482099321078
170,-0.8241633836921342,-0.2871914144217163,0.7561375069124818,0.024712658941866902,-0.5527137238424564,-0.5067873731938901,-0.4076872693754927,0.5195881810909314,0.8508648214081524,0.8781482099321078
171,1.2133516482134197,-1.4829825668676926,-1.3225107746384335,0.09376031097109827,0.5225107881133605,-0.5067873731938901,1.4878181044853787,-2.0494867143031175,-1.1752748202059096,-1.1387599367506689
172,1.2133516482134197,0.9085997380242599,-1.3225107746384335,-0.1824302971458272,-0.5527137238424564,-0.5067873731938901,-0.5036203511241232,0.5195881810909314,-1.1752748202059096,0.8781482099321078
173,-0.8241633836921342,-0.2871914144217163,0.7561375069124818,0.8532844832926434,0.5225107881133605,-0.5067873731938901,-0.14304428524133964,0.5195881810909314,0.8508648214081524,-1.1387599367506689
174,1.2133516482134197,-1.4829825668676926,-1.3225107746384335,0.16280796300032965,-0.5527137238424564,-0.5067873731938901,0.7887201848333342,-2.0494867143031175,-1.1752748202059096,0.8781482099321078
175,-0.8241633836921342,-0.2871914144217163,0.7561375069124818,0.024712658941866902,-0.5527137238424564,-0.5067873731938901,-0.45494494511373434,0.5195881810909314,0.8508648214081524,0.8781482099321078
176,1.2133516482134197,0.9085997380242599,0.7561375069124818,-0.9419544694673723,-0.5527137238424564,-0.5067873731938901,-0.5012574673372111,0.5195881810909314,0.8508648214081524,0.8781482099321078
177,-0.8241633836921342,-0.2871914144217163,0.7561375069124818,-0.1824302971458272,-0.5527137238424564,-0.5067873731938901,-0.4076872693754927,0.5195881810909314,0.8508648214081524,0.8781482099321078
178,-0.8241633836921342,0.9085997380242599,0.7561375069124818,1.4747133515557256,-0.5527137238424564,-0.5067873731938901,-0.5012574673372111,0.5195881810909314,0.8508648214081524,0.8781482099321078
179,1.2133516482134197,-1.4829825668676926,0.7561375069124818,0.5770938751757179,0.5225107881133605,-0.5067873731938901,1.0478491433623491,0.5195881810909314,0.8508648214081524,-1.1387599367506689
180,-0.8241633836921342,0.9085997380242599,0.7561375069124818,-0.527668557291984,-0.5527137238424564,-0.5067873731938901,-0.47668347595332544,0.5195881810909314,0.8508648214081524,0.8781482099321078
181,1.2133516482134197,-0.2871914144217163,0.7561375069124818,-0.7348115133796782,-0.5527137238424564,-0.5067873731938901,-0.45494494511373434,0.5195881810909314,0.8508648214081524,0.8781482099321078
182,-0.8241633836921342,0.9085997380242599,0.7561375069124818,-0.6312400353358311,-0.5527137238424564,-0.5067873731938901,-0.5163799235734484,0.5195881810909314,0.8508648214081524,0.8781482099321078
183,-0.8241633836921342,-0.2871914144217163,0.7561375069124818,-0.8038591654089096,-0.5527137238424564,-0.5067873731938901,-0.4076872693754927,0.5195881810909314,0.8508648214081524,0.8781482099321078
184,1.2133516482134197,-1.4829825668676926,-1.3225107746384335,0.36995091908802374,0.5225107881133605,-0.5067873731938901,0.9245066096855384,0.5195881810909314,-1.1752748202059096,-1.1387599367506689
185,-0.8241633836921342,0.9085997380242599,0.7561375069124818,-0.044334993087364466,-0.5527137238424564,-0.5067873731938901,-0.5064558116684177,0.5195881810909314,0.8508648214081524,0.8781482099321078
186,-0.8241633836921342,-0.2871914144217163,0.7561375069124818,2.0270945677895766,-0.5527137238424564,-0.5067873731938901,-0.3982357342278444,0.5195881810909314,0.8508648214081524,0.8781482099321078
187,1.2133516482134197,0.9085997380242599,-1.3225107746384335,-1.7014786417889174,3.748184323980811,1.8362815210531864,-0.06010706432072562,0.5195881810909314,-1.1752748202059096,-1.1387599367506689
188,-0.8241633836921342,-0.2871914144217163,0.7561375069124818,-0.3895732532335213,-0.5527137238424564,-0.5067873731938901,-0.45494494511373434,0.5195881810909314,0.8508648214081524,0.8781482099321078
189,-0.8241633836921342,-0.2871914144217163,0.7561375069124818,0.9913797873511061,0.5225107881133605,-0.5067873731938901,-0.1619473555366363,0.5195881810909314,0.8508648214081524,-1.1387599367506689
190,1.2133516482134197,-0.2871914144217163,-1.3225107746384335,-1.4943356857012233,-0.5527137238424564,1.8362815210531864,-0.15722158796281213,0.5195881810909314,-1.1752748202059096,-1.1387599367506689
191,-0.8241633836921342,-0.2871914144217163,0.7561375069124818,-0.7348115133796782,-0.5527137238424564,-0.5067873731938901,-0.45494494511373434,0.5195881810909314,0.8508648214081524,0.8781482099321078
192,-0.8241633836921342,-0.2871914144217163,0.7561375069124818,0.231855615029561,-0.5527137238424564,-0.5067873731938901,-0.4213919953395828,0.5195881810909314,0.8508648214081524,0.8781482099321078
193,-0.8241633836921342,-0.2871914144217163,0.7561375069124818,-0.044334993087364466,-0.5527137238424564,-0.5067873731938901,-0.45494494511373434,0.5195881810909314,0.8508648214081524,0.8781482099321078
194,-0.8241633836921342,0.9085997380242599,0.7561375069124818,-0.527668557291984,-0.5527137238424564,-0.5067873731938901,-0.5187428073603605,0.5195881810909314,0.8508648214081524,0.8781482099321078
195,-0.8241633836921342,0.9085997380242599,0.7561375069124818,0.024712658941866902,-0.5527137238424564,-0.5067873731938901,-0.5168525003308309,-2.0494867143031175,0.8508648214081524,0.8781482099321078
196,-0.8241633836921342,-1.4829825668676926,0.7561375069124818,0.9913797873511061,1.5977353000691772,-0.5067873731938901,1.0478491433623491,-0.7649492666060931,0.8508648214081524,-1.1387599367506689
197,-0.8241633836921342,0.9085997380242599,-1.3225107746384335,-0.32052560120428997,-0.5527137238424564,-0.5067873731938901,-0.5064558116684177,0.5195881810909314,-1.1752748202059096,0.8781482099321078
198,1.2133516482134197,-0.2871914144217163,-1.3225107746384335,-0.3895732532335213,-0.5527137238424564,1.8362815210531864,-0.3793326639325477,0.5195881810909314,-1.1752748202059096,-1.1387599367506689
199,1.2133516482134197,-1.4829825668676926,0.7561375069124818,0.5080462231464865,0.5225107881133605,0.664747073929648,0.34000855369872995,0.5195881810909314,0.8508648214081524,-1.1387599367506689
200,-0.8241633836921342,-0.2871914144217163,0.7561375069124818,1.6818563076434199,0.5225107881133605,-0.5067873731938901,-0.1619473555366363,0.5195881810909314,0.8508648214081524,-1.1387599367506689
201,-0.8241633836921342,0.9085997380242599,-1.3225107746384335,-0.044334993087364466,0.5225107881133605,0.664747073929648,-0.455653810249808,0.5195881810909314,-1.1752748202059096,-1.1387599367506689
202,-0.8241633836921342,-1.4829825668676926,0.7561375069124818,2.234237523877271,-0.5527137238424564,-0.5067873731938901,-0.15155066687422314,0.5195881810909314,0.8508648214081524,0.8781482099321078
203,-0.8241633836921342,0.9085997380242599,0.7561375069124818,0.024712658941866902,0.5225107881133605,-0.5067873731938901,-0.3490877514600731,0.5195881810909314,0.8508648214081524,-1.1387599367506689
204,-0.8241633836921342,0.9085997380242599,-1.3225107746384335,0.7842368312634119,-0.5527137238424564,1.8362815210531864,-0.27134887487066567,0.5195881810909314,-1.1752748202059096,-1.1387599367506689
205,1.2133516482134197,0.9085997380242599,-1.3225107746384335,-0.044334993087364466,-0.5527137238424564,1.8362815210531864,-0.3652347541063155,-2.0494867143031175,-1.1752748202059096,-1.1387599367506689
206,1.2133516482134197,-1.4829825668676926,-1.3225107746384335,0.024712658941866902,-0.5527137238424564,-0.5067873731938901,0.9816883973288109,0.5195881810909314,-1.1752748202059096,0.8781482099321078
207,1.2133516482134197,-1.4829825668676926,-1.3225107746384335,0.36995091908802374,-0.5527137238424564,-0.5067873731938901,9.031167698718745,-2.0494867143031175,-1.1752748202059096,0.8781482099321078
208,1.2133516482134197,-0.2871914144217163,-1.3225107746384335,1.4056656995264942,-0.5527137238424564,0.664747073929648,-0.1619473555366363,0.5195881810909314,-1.1752748202059096,-1.1387599367506689
209,1.2133516482134197,0.9085997380242599,0.7561375069124818,-1.83957394584738,3.748184323980811,1.8362815210531864,-0.06010706432072562,0.5195881810909314,-1.1752748202059096,-1.1387599367506689
210,-0.8241633836921342,-1.4829825668676926,0.7561375069124818,1.5437610035849572,0.5225107881133605,0.664747073929648,0.8522023658060289,0.5195881810909314,0.8508648214081524,-1.1387599367506689
211,-0.8241633836921342,-1.4829825668676926,0.7561375069124818,0.7151891792341806,-0.5527137238424564,-0.5067873731938901,-0.6534271832143491,0.5195881810909314,0.8508648214081524,0.8781482099321078
212,-0.8241633836921342,-0.2871914144217163,0.7561375069124818,0.43899857111725515,-0.5527137238424564,-0.5067873731938901,-0.45494494511373434,0.5195881810909314,0.8508648214081524,0.8781482099321078
213,-0.8241633836921342,0.9085997380242599,0.7561375069124818,-0.9419544694673723,3.748184323980811,0.664747073929648,0.09678841913023657,0.5195881810909314,0.8508648214081524,-1.1387599367506689
214,1.2133516482134197,0.9085997380242599,0.7561375069124818,-0.32052560120428997,0.5225107881133605,-0.5067873731938901,-0.5064558116684177,0.5195881810909314,0.8508648214081524,-1.1387599367506689
215,1.2133516482134197,-1.4829825668676926,-1.3225107746384335,1.9580469157603453,-0.5527137238424564,0.664747073929648,2.247485241977613,0.5195881810909314,-1.1752748202059096,-1.1387599367506689
216,1.2133516482134197,-1.4829825668676926,-1.3225107746384335,0.36995091908802374,-0.5527137238424564,-0.5067873731938901,1.9104586210687096,0.5195881810909314,-1.1752748202059096,0.8781482099321078
217,1.2133516482134197,0.9085997380242599,0.7561375069124818,-0.32052560120428997,-0.5527137238424564,-0.5067873731938901,-0.6534271832143491,0.5195881810909314,0.8508648214081524,0.8781482099321078
218,1.2133516482134197,-0.2871914144217163,-1.3225107746384335,0.7842368312634119,-0.5527137238424564,0.664747073929648,-0.2848173124560645,0.5195881810909314,-1.1752748202059096,-1.1387599367506689
219,-0.8241633836921342,-1.4829825668676926,0.7561375069124818,0.5080462231464865,-0.5527137238424564,0.664747073929648,-0.09200599544403872,-2.0494867143031175,0.8508648214081524,-1.1387599367506689
220,1.2133516482134197,-1.4829825668676926,-1.3225107746384335,2.3032851759065025,0.5225107881133605,-0.5067873731938901,0.8202240417874754,0.5195881810909314,-1.1752748202059096,-1.1387599367506689
221,-0.8241633836921342,0.9085997380242599,-1.3225107746384335,1.0604274393803375,-0.5527137238424564,-0.5067873731938901,-0.5069283884258001,0.5195881810909314,-1.1752748202059096,0.8781482099321078
222,-0.8241633836921342,0.9085997380242599,0.7561375069124818,-1.5633833377304547,3.748184323980811,0.664747073929648,-0.10287526086383428,-0.7649492666060931,-1.1752748202059096,-1.1387599367506689
223,1.2133516482134197,0.9085997380242599,-1.3225107746384335,0.36995091908802374,0.5225107881133605,0.664747073929648,-0.270640009734592,0.5195881810909314,-1.1752748202059096,-1.1387599367506689
224,-0.8241633836921342,0.9085997380242599,0.7561375069124818,2.441380479964965,-0.5527137238424564,-0.5067873731938901,-0.5069283884258001,-0.7649492666060931,0.8508648214081524,0.8781482099321078
225,-0.8241633836921342,0.9085997380242599,0.7561375069124818,-0.11338264511659583,-0.5527137238424564,-0.5067873731938901,-0.5049586885010302,0.5195881810909314,0.8508648214081524,0.8781482099321078
226,-0.8241633836921342,0.9085997380242599,0.7561375069124818,-0.9419544694673723,-0.5527137238424564,-0.5067873731938901,-0.473848015409031,0.5195881810909314,0.8508648214081524,0.8781482099321078
227,1.2133516482134197,0.9085997380242599,0.7561375069124818,-0.7348115133796782,-0.5527137238424564,-0.5067873731938901,-0.5012574673372111,0.5195881810909314,0.8508648214081524,0.8781482099321078
228,-0.8241633836921342,0.9085997380242599,0.7561375069124818,0.231855615029561,-0.5527137238424564,-0.5067873731938901,-0.4896793367813419,-2.0494867143031175,0.8508648214081524,0.8781482099321078
229,1.2133516482134197,0.9085997380242599,0.7561375069124818,0.024712658941866902,-0.5527137238424564,-0.5067873731938901,-0.473848015409031,0.5195881810909314,0.8508648214081524,0.8781482099321078
230,-0.8241633836921342,0.9085997380242599,0.7561375069124818,-0.527668557291984,-0.5527137238424564,-0.5067873731938901,-0.5041723207767458,0.5195881810909314,0.8508648214081524,0.8781482099321078
231,1.2133516482134197,-0.2871914144217163,0.7561375069124818,0.8532844832926434,-0.5527137238424564,-0.5067873731938901,-0.4076872693754927,0.5195881810909314,0.8508648214081524,0.8781482099321078
232,1.2133516482134197,0.9085997380242599,-1.3225107746384335,-0.527668557291984,-0.5527137238424564,-0.5067873731938901,-0.5069283884258001,-0.7649492666060931,-1.1752748202059096,0.8781482099321078
233,1.2133516482134197,-1.4829825668676926,-1.3225107746384335,-0.25147794917505856,-0.5527137238424564,-0.5067873731938901,0.8370799095697914,0.5195881810909314,-1.1752748202059096,0.8781482099321078
234,1.2133516482134197,-1.4829825668676926,-1.3225107746384335,-0.7348115133796782,0.5225107881133605,-0.5067873731938901,1.0682493368250332,-2.0494867143031175,-1.1752748202059096,-1.1387599367506689
235,-0.8241633836921342,-0.2871914144217163,0.7561375069124818,0.43899857111725515,-0.5527137238424564,-0.5067873731938901,-0.4100501531624048,-2.0494867143031175,0.8508648214081524,0.8781482099321078
236,-0.8241633836921342,0.9085997380242599,-1.3225107746384335,-0.3895732532335213,-0.5527137238424564,-0.5067873731938901,-0.4861350111009738,0.5195881810909314,-1.1752748202059096,0.8781482099321078
237,-0.8241633836921342,0.9085997380242599,0.7561375069124818,-0.3895732532335213,-0.5527137238424564,-0.5067873731938901,-0.5041723207767458,0.5195881810909314,0.8508648214081524,0.8781482099321078
238,-0.8241633836921342,0.9085997380242599,0.7561375069124818,-0.424097079248137,-0.5527137238424564,-0.5067873731938901,-0.5167731074355907,-2.0494867143031175,0.8508648214081524,0.8781482099321078
239,-0.8241633836921342,-1.4829825668676926,-1.3225107746384335,-1.9086215978766115,0.5225107881133605,1.8362815210531864,2.211333120037858,0.5195881810909314,-1.1752748202059096,-1.1387599367506689
240,1.2133516482134197,-1.4829825668676926,-1.3225107746384335,1.4056656995264942,-0.5527137238424564,0.664747073929648,4.025475898733713,-2.0494867143031175,-1.1752748202059096,-1.1387599367506689
241,-0.8241633836921342,0.9085997380242599,0.7561375069124818,-0.7348115133796782,-0.5527137238424564,-0.5067873731938901,-0.6534271832143491,0.5195881810909314,0.8508648214081524,0.8781482099321078
242,1.2133516482134197,-1.4829825668676926,0.7561375069124818,-1.9831930620681812,0.5225107881133605,1.8362815210531864,2.211333120037858,0.5195881810909314,-1.1752748202059096,-1.1387599367506689
243,1.2133516482134197,-1.4829825668676926,-1.3225107746384335,-0.8729068174381409,0.5225107881133605,-0.5067873731938901,1.4051171719434559,-2.0494867143031175,-1.1752748202059096,-1.1387599367506689
244,-0.8241633836921342,-0.2871914144217163,0.7561375069124818,0.024712658941866902,0.5225107881133605,-0.5067873731938901,-0.1997534961272296,-2.0494867143031175,0.8508648214081524,-1.1387599367506689
245,1.2133516482134197,-1.4829825668676926,-1.3225107746384335,0.024712658941866902,-0.5527137238424564,-0.5067873731938901,0.4227094862406528,-2.0494867143031175,-1.1752748202059096,0.8781482099321078
246,1.2133516482134197,-1.4829825668676926,-1.3225107746384335,-0.3895732532335213,-0.5527137238424564,-0.5067873731938901,0.918520007323018,-2.0494867143031175,-1.1752748202059096,0.8781482099321078
247,1.2133516482134197,-1.4829825668676926,-1.3225107746384335,-0.8038591654089096,1.5977353000691772,1.8362815210531864,4.306265885514109,-2.0494867143031175,-1.1752748202059096,-1.1387599367506689
248,-0.8241633836921342,-0.2871914144217163,-1.3225107746384335,-0.25147794917505856,0.5225107881133605,0.664747073929648,-0.1619473555366363,0.5195881810909314,-1.1752748202059096,-1.1387599367506689
249,-0.8241633836921342,0.9085997380242599,0.7561375069124818,-0.11338264511659583,-0.5527137238424564,-0.5067873731938901,-0.5041723207767458,0.5195881810909314,0.8508648214081524,0.8781482099321078
250,-0.8241633836921342,-0.2871914144217163,0.7561375069124818,0.9223321353218747,0.5225107881133605,0.664747073929648,-0.15722158796281213,0.5195881810909314,0.8508648214081524,-1.1387599367506689
251,1.2133516482134197,0.9085997380242599,-1.3225107746384335,-0.25147794917505856,-0.5527137238424564,-0.5067873731938901,-0.5049586885010302,0.5195881810909314,-1.1752748202059096,0.8781482099321078
252,1.2133516482134197,-0.2871914144217163,-1.3225107746384335,-0.3895732532335213,0.5225107881133605,-0.5067873731938901,-0.1619473555366363,0.5195881810909314,-1.1752748202059096,-1.1387599367506689
253,-0.8241633836921342,-0.2871914144217163,0.7561375069124818,1.6818563076434199,-0.5527137238424564,-0.5067873731938901,-0.38878419908019607,0.5195881810909314,0.8508648214081524,0.8781482099321078
254,1.2133516482134197,-1.4829825668676926,-1.3225107746384335,0.09376031097109827,-0.5527137238424564,1.8362815210531864,2.463059636239235,0.5195881810909314,-1.1752748202059096,-1.1387599367506689
255,1.2133516482134197,-1.4829825668676926,-1.3225107746384335,0.7151891792341806,0.5225107881133605,0.664747073929648,1.88903577150305,-2.0494867143031175,-1.1752748202059096,-1.1387599367506689
256,-0.8241633836921342,0.9085997380242599,0.7561375069124818,-0.527668557291984,-0.5527137238424564,-0.5067873731938901,-0.5163799235734484,0.5195881810909314,0.8508648214081524,0.8781482099321078
257,-0.8241633836921342,0.9085997380242599,0.7561375069124818,-0.1824302971458272,-0.5527137238424564,-0.5067873731938901,-0.5041723207767458,0.5195881810909314,0.8508648214081524,0.8781482099321078
258,1.2133516482134197,-0.2871914144217163,-1.3225107746384335,0.024712658941866902,-0.5527137238424564,-0.5067873731938901,-0.4199742650674355,-0.7649492666060931,-1.1752748202059096,0.8781482099321078
259,1.2133516482134197,-0.2871914144217163,-1.3225107746384335,-0.527668557291984,0.5225107881133605,0.664747073929648,-0.10523814465074635,0.5195881810909314,-1.1752748202059096,-1.1387599367506689
260,1.2133516482134197,-1.4829825668676926,-1.3225107746384335,0.43899857111725515,-0.5527137238424564,-0.5067873731938901,1.9104586210687096,-2.0494867143031175,-1.1752748202059096,0.8781482099321078
261,-0.8241633836921342,0.9085997380242599,0.7561375069124818,2.1651898718480393,-0.5527137238424564,-0.5067873731938901,-0.5355192822474363,0.5195881810909314,0.8508648214081524,0.8781482099321078
262,1.2133516482134197,-0.2871914144217163,-1.3225107746384335,0.43899857111725515,-0.5527137238424564,-0.5067873731938901,-0.4076872693754927,0.5195881810909314,-1.1752748202059096,0.8781482099321078
263,1.2133516482134197,0.9085997380242599,-1.3225107746384335,0.09376031097109827,0.5225107881133605,0.664747073929648,-0.2654416654033855,0.5195881810909314,-1.1752748202059096,-1.1387599367506689
264,1.2133516482134197,-1.4829825668676926,-1.3225107746384335,-0.9419544694673723,-0.5527137238424564,0.664747073929648,0.4425577100507142,-2.0494867143031175,-1.1752748202059096,-1.1387599367506689
265,-0.8241633836921342,-1.4829825668676926,0.7561375069124818,1.0949512653949531,-0.5527137238424564,-0.5067873731938901,-0.11468967979839467,0.5195881810909314,0.8508648214081524,0.8781482099321078
266,-0.8241633836921342,-1.4829825668676926,0.7561375069124818,0.5770938751757179,-0.5527137238424564,0.664747073929648,2.247485241977613,0.5195881810909314,0.8508648214081524,-1.1387599367506689
267,-0.8241633836921342,0.9085997380242599,0.7561375069124818,-0.9419544694673723,1.5977353000691772,-0.5067873731938901,-0.3131719178990095,0.5195881810909314,0.8508648214081524,-1.1387599367506689
268,-0.8241633836921342,-1.4829825668676926,0.7561375069124818,-0.044334993087364466,0.5225107881133605,-0.5067873731938901,0.6055172984524075,0.5195881810909314,0.8508648214081524,-1.1387599367506689
269,1.2133516482134197,-1.4829825668676926,-1.3225107746384335,0.7842368312634119,-0.5527137238424564,-0.5067873731938901,1.88903577150305,-2.0494867143031175,-1.1752748202059096,0.8781482099321078
270,1.2133516482134197,0.9085997380242599,0.7561375069124818,1.0604274393803375,-0.5527137238424564,-0.5067873731938901,-0.5012574673372111,0.5195881810909314,0.8508648214081524,0.8781482099321078
271,-0.8241633836921342,-1.4829825668676926,0.7561375069124818,1.0604274393803375,-0.5527137238424564,-0.5067873731938901,0.017631812268681855,0.5195881810909314,0.8508648214081524,0.8781482099321078
272,1.2133516482134197,-0.2871914144217163,0.7561375069124818,-1.9086215978766115,0.5225107881133605,0.664747073929648,-0.1619473555366363,0.5195881810909314,-1.1752748202059096,-1.1387599367506689
273,1.2133516482134197,-1.4829825668676926,-1.3225107746384335,-0.3895732532335213,2.672959812024994,1.8362815210531864,4.318080304448669,0.5195881810909314,-1.1752748202059096,-1.1387599367506689
274,-0.8241633836921342,-0.2871914144217163,0.7561375069124818,-0.11338264511659583,-0.5527137238424564,-0.5067873731938901,-0.4076872693754927,0.5195881810909314,0.8508648214081524,0.8781482099321078
275,-0.8241633836921342,-0.2871914144217163,0.7561375069124818,-0.32052560120428997,-0.5527137238424564,-0.5067873731938901,-0.4076872693754927,0.5195881810909314,0.8508648214081524,0.8781482099321078
276,-0.8241633836921342,-0.2871914144217163,0.7561375069124818,0.43899857111725515,-0.5527137238424564,-0.5067873731938901,-0.4076872693754927,0.5195881810909314,0.8508648214081524,0.8781482099321078
277,1.2133516482134197,-0.2871914144217163,-1.3225107746384335,-0.3895732532335213,-0.5527137238424564,-0.5067873731938901,-0.4076872693754927,0.5195881810909314,-1.1752748202059096,0.8781482099321078
278,1.2133516482134197,-0.2871914144217163,-1.3225107746384335,0.7151891792341806,-0.5527137238424564,-0.5067873731938901,-0.4076872693754927,0.5195881810909314,-1.1752748202059096,0.8781482099321078
279,1.2133516482134197,0.9085997380242599,0.7561375069124818,-1.83957394584738,0.5225107881133605,0.664747073929648,-0.3528683655191325,0.5195881810909314,-1.1752748202059096,-1.1387599367506689
280,-0.8241633836921342,0.9085997380242599,0.7561375069124818,0.8532844832926434,-0.5527137238424564,-0.5067873731938901,-0.4896793367813419,0.5195881810909314,0.8508648214081524,0.8781482099321078
281,-0.8241633836921342,0.9085997380242599,0.7561375069124818,-0.4586209052627527,-0.5527137238424564,-0.5067873731938901,-0.4790463597402375,0.5195881810909314,0.8508648214081524,0.8781482099321078
282,-0.8241633836921342,0.9085997380242599,0.7561375069124818,-1.0110021214966036,0.5225107881133605,0.664747073929648,-0.5167731074355907,-2.0494867143031175,-1.1752748202059096,-1.1387599367506689
283,-0.8241633836921342,0.9085997380242599,0.7561375069124818,-0.32052560120428997,0.5225107881133605,-0.5067873731938901,-0.3169525319580688,0.5195881810909314,0.8508648214081524,-1.1387599367506689
284,-0.8241633836921342,0.9085997380242599,0.7561375069124818,-0.11338264511659583,-0.5527137238424564,-0.5067873731938901,-0.473848015409031,0.5195881810909314,0.8508648214081524,0.8781482099321078
285,1.2133516482134197,-1.4829825668676926,-1.3225107746384335,-0.527668557291984,-0.5527137238424564,0.664747073929648,0.3862416830269665,0.5195881810909314,-1.1752748202059096,-1.1387599367506689
286,-0.8241633836921342,-0.2871914144217163,-1.3225107746384335,0.5770938751757179,-0.5527137238424564,-0.5067873731938901,-0.4076872693754927,0.5195881810909314,-1.1752748202059096,0.8781482099321078
287,-0.8241633836921342,0.9085997380242599,0.7561375069124818,0.7151891792341806,0.5225107881133605,4.179350415300263,-0.12603152197557269,0.5195881810909314,0.8508648214081524,-1.1387599367506689
288,-0.8241633836921342,-0.2871914144217163,0.7561375069124818,-0.044334993087364466,0.5225107881133605,-0.5067873731938901,-0.1294189521724898,-2.0494867143031175,0.8508648214081524,-1.1387599367506689
289,-0.8241633836921342,0.9085997380242599,-1.3225107746384335,1.0604274393803375,-0.5527137238424564,0.664747073929648,-0.3801984245520723,-2.0494867143031175,-1.1752748202059096,-1.1387599367506689
290,-0.8241633836921342,0.9085997380242599,0.7561375069124818,0.36995091908802374,-0.5527137238424564,-0.5067873731938901,-0.5201605376325078,0.5195881810909314,0.8508648214081524,0.8781482099321078
291,-0.8241633836921342,0.9085997380242599,0.7561375069124818,0.024712658941866902,-0.5527137238424564,-0.5067873731938901,-0.5163799235734484,0.5195881810909314,0.8508648214081524,0.8781482099321078
292,1.2133516482134197,-1.4829825668676926,-1.3225107746384335,2.096142219818808,0.5225107881133605,-0.5067873731938901,0.7690288565067236,-2.0494867143031175,-1.1752748202059096,-1.1387599367506689
293,1.2133516482134197,-1.4829825668676926,-1.3225107746384335,-0.3895732532335213,-0.5527137238424564,-0.5067873731938901,0.6565555882497085,-2.0494867143031175,-1.1752748202059096,0.8781482099321078
294,1.2133516482134197,-1.4829825668676926,0.7561375069124818,-0.32052560120428997,0.5225107881133605,-0.5067873731938901,0.39459116917639897,-2.0494867143031175,0.8508648214081524,-1.1387599367506689
295,-0.8241633836921342,0.9085997380242599,0.7561375069124818,-0.8038591654089096,0.5225107881133605,-0.5067873731938901,-0.5306366191901611,0.5195881810909314,0.8508648214081524,-1.1387599367506689
296,-0.8241633836921342,0.9085997380242599,0.7561375069124818,-0.7348115133796782,-0.5527137238424564,-0.5067873731938901,-0.5012574673372111,0.5195881810909314,0.8508648214081524,0.8781482099321078
297,-0.8241633836921342,-1.4829825668676926,0.7561375069124818,-0.527668557291984,-0.5527137238424564,-0.5067873731938901,1.9104586210687096,-2.0494867143031175,0.8508648214081524,0.8781482099321078
298,-0.8241633836921342,0.9085997380242599,-1.3225107746384335,-1.83957394584738,2.672959812024994,0.664747073929648,-0.2550449767409723,0.5195881810909314,-1.1752748202059096,-1.1387599367506689
299,1.2133516482134197,0.9085997380242599,-1.3225107746384335,-0.527668557291984,-0.5527137238424564,-0.5067873731938901,-0.5163799235734484,0.5195881810909314,-1.1752748202059096,0.8781482099321078
300,-0.8241633836921342,-1.4829825668676926,0.7561375069124818,-0.1824302971458272,-0.5527137238424564,1.8362815210531864,3.3445721842408918,-2.0494867143031175,0.8508648214081524,-1.1387599367506689
301,-0.8241633836921342,0.9085997380242599,0.7561375069124818,-0.6657638613504469,-0.5527137238424564,-0.5067873731938901,-0.5775786136544714,-2.0494867143031175,0.8508648214081524,0.8781482099321078
302,-0.8241633836921342,0.9085997380242599,0.7561375069124818,-0.7348115133796782,-0.5527137238424564,-0.5067873731938901,-0.5064558116684177,0.5195881810909314,0.8508648214081524,0.8781482099321078
303,1.2133516482134197,-1.4829825668676926,-1.3225107746384335,0.8532844832926434,-0.5527137238424564,-0.5067873731938901,3.6474938857230206,-2.0494867143031175,-1.1752748202059096,0.8781482099321078
304,1.2133516482134197,0.9085997380242599,-1.3225107746384335,-1.9776692499058428,-0.5527137238424564,1.8362815210531864,-0.35586072154687787,-2.0494867143031175,-1.1752748202059096,-1.1387599367506689
305,-0.8241633836921342,0.9085997380242599,0.7561375069124818,0.16280796300032965,-0.5527137238424564,-0.5067873731938901,-0.5036203511241232,0.5195881810909314,0.8508648214081524,0.8781482099321078
306,1.2133516482134197,-1.4829825668676926,-1.3225107746384335,0.36995091908802374,0.5225107881133605,-0.5067873731938901,0.32953247214107656,0.5195881810909314,-1.1752748202059096,-1.1387599367506689
307,-0.8241633836921342,-0.2871914144217163,0.7561375069124818,-0.8038591654089096,-0.5527137238424564,-0.5067873731938901,0.7359484834899545,0.5195881810909314,0.8508648214081524,0.8781482099321078
308,-0.8241633836921342,0.9085997380242599,0.7561375069124818,-1.9776692499058428,4.823408835936628,1.8362815210531864,0.2331268136350636,0.5195881810909314,-1.1752748202059096,-1.1387599367506689
309,1.2133516482134197,-0.2871914144217163,-1.3225107746384335,0.43899857111725515,-0.5527137238424564,-0.5067873731938901,-0.4076872693754927,0.5195881810909314,-1.1752748202059096,0.8781482099321078
310,1.2133516482134197,-0.2871914144217163,-1.3225107746384335,-0.8729068174381409,-0.5527137238424564,-0.5067873731938901,-0.42659033967078935,-2.0494867143031175,-1.1752748202059096,0.8781482099321078
311,1.2133516482134197,-1.4829825668676926,0.7561375069124818,0.43899857111725515,0.5225107881133605,1.8362815210531864,1.6149412522212485,0.5195881810909314,0.8508648214081524,-1.1387599367506689
312,1.2133516482134197,0.9085997380242599,0.7561375069124818,-0.5967162093212154,-0.5527137238424564,-0.5067873731938901,-0.5060626278062755,0.5195881810909314,0.8508648214081524,0.8781482099321078
313,-0.8241633836921342,0.9085997380242599,0.7561375069124818,-0.11338264511659583,1.5977353000691772,-0.5067873731938901,-0.5036203511241232,0.5195881810909314,0.8508648214081524,-1.1387599367506689
314,1.2133516482134197,-1.4829825668676926,-1.3225107746384335,-0.4586209052627527,0.5225107881133605,-0.5067873731938901,1.4878181044853787,-2.0494867143031175,-1.1752748202059096,-1.1387599367506689
315,1.2133516482134197,0.9085997380242599,-1.3225107746384335,-0.3895732532335213,-0.5527137238424564,1.8362815210531864,-0.3377459092828951,0.5195881810909314,-1.1752748202059096,-1.1387599367506689
316,-0.8241633836921342,0.9085997380242599,0.7561375069124818,-0.527668557291984,-0.5527137238424564,-0.5067873731938901,-0.5060626278062755,0.5195881810909314,0.8508648214081524,0.8781482099321078
317,-0.8241633836921342,0.9085997380242599,-1.3225107746384335,0.09376031097109827,-0.5527137238424564,-0.5067873731938901,-0.5049586885010302,0.5195881810909314,-1.1752748202059096,0.8781482099321078
318,-0.8241633836921342,-0.2871914144217163,0.7561375069124818,1.1294750914095688,-0.5527137238424564,-0.5067873731938901,-0.1619473555366363,0.5195881810909314,0.8508648214081524,0.8781482099321078
319,-0.8241633836921342,-0.2871914144217163,0.7561375069124818,-0.4586209052627527,-0.5527137238424564,-0.5067873731938901,-0.45494494511373434,0.5195881810909314,0.8508648214081524,0.8781482099321078
320,1.2133516482134197,-0.2871914144217163,-1.3225107746384335,-0.11338264511659583,-0.5527137238424564,-0.5067873731938901,-0.41430334397884655,0.5195881810909314,-1.1752748202059096,0.8781482099321078
321,1.2133516482134197,0.9085997380242599,0.7561375069124818,0.6461415272049492,-0.5527137238424564,-0.5067873731938901,-0.5036203511241232,0.5195881810909314,0.8508648214081524,0.8781482099321078
322,-0.8241633836921342,0.9085997380242599,0.7561375069124818,-0.25147794917505856,-0.5527137238424564,-0.5067873731938901,-0.5012574673372111,0.5195881810909314,0.8508648214081524,0.8781482099321078
323,-0.8241633836921342,0.9085997380242599,-1.3225107746384335,-0.5967162093212154,0.5225107881133605,-0.5067873731938901,-0.4677045175630596,0.5195881810909314,-1.1752748202059096,-1.1387599367506689
324,-0.8241633836921342,0.9085997380242599,0.7561375069124818,-0.11338264511659583,0.5225107881133605,-0.5067873731938901,-0.35381351903389724,0.5195881810909314,0.8508648214081524,-1.1387599367506689
325,-0.8241633836921342,0.9085997380242599,-1.3225107746384335,-0.6657638613504469,-0.5527137238424564,-0.5067873731938901,-0.4896793367813419,0.5195881810909314,-1.1752748202059096,0.8781482099321078
326,-0.8241633836921342,-0.2871914144217163,0.7561375069124818,0.3009032670587924,0.5225107881133605,-0.5067873731938901,-0.2564627070131195,0.5195881810909314,0.8508648214081524,-1.1387599367506689
327,-0.8241633836921342,0.9085997380242599,0.7561375069124818,1.4747133515557256,-0.5527137238424564,-0.5067873731938901,-0.5069283884258001,0.5195881810909314,0.8508648214081524,0.8781482099321078
328,1.2133516482134197,-0.2871914144217163,0.7561375069124818,-1.83957394584738,0.5225107881133605,0.664747073929648,-0.298994615177537,0.5195881810909314,-1.1752748202059096,-1.1387599367506689
329,-0.8241633836921342,0.9085997380242599,0.7561375069124818,-0.5967162093212154,-0.5527137238424564,-0.5067873731938901,-0.5064558116684177,0.5195881810909314,0.8508648214081524,0.8781482099321078
330,1.2133516482134197,-1.4829825668676926,-1.3225107746384335,0.231855615029561,0.5225107881133605,-0.5067873731938901,1.0478491433623491,-0.7649492666060931,-1.1752748202059096,-1.1387599367506689
331,1.2133516482134197,0.9085997380242599,0.7561375069124818,0.9913797873511061,-0.5527137238424564,-0.5067873731938901,-0.5036203511241232,0.5195881810909314,0.8508648214081524,0.8781482099321078
332,1.2133516482134197,-0.2871914144217163,-1.3225107746384335,0.3009032670587924,0.5225107881133605,0.664747073929648,-0.03907739861720809,0.5195881810909314,-1.1752748202059096,-1.1387599367506689
333,1.2133516482134197,-0.2871914144217163,-1.3225107746384335,-0.8038591654089096,-0.5527137238424564,1.8362815210531864,-0.4076872693754927,0.5195881810909314,-1.1752748202059096,-1.1387599367506689
334,-0.8241633836921342,-0.2871914144217163,0.7561375069124818,0.024712658941866902,-0.5527137238424564,-0.5067873731938901,-0.4076872693754927,0.5195881810909314,0.8508648214081524,0.8781482099321078
335,-0.8241633836921342,0.9085997380242599,-1.3225107746384335,-1.3562403816427606,-0.5527137238424564,1.8362815210531864,-0.1969180355829351,0.5195881810909314,-1.1752748202059096,-1.1387599367506689
336,-0.8241633836921342,0.9085997380242599,0.7561375069124818,-0.5967162093212154,-0.5527137238424564,-0.5067873731938901,-0.5072440696997316,-0.7649492666060931,0.8508648214081524,0.8781482099321078
337,-0.8241633836921342,0.9085997380242599,0.7561375069124818,-0.044334993087364466,-0.5527137238424564,-0.5067873731938901,-0.504565504638888,0.5195881810909314,0.8508648214081524,0.8781482099321078
338,-0.8241633836921342,0.9085997380242599,-1.3225107746384335,-0.11338264511659583,0.5225107881133605,0.664747073929648,-0.3812229709620774,0.5195881810909314,-1.1752748202059096,-1.1387599367506689
339,-0.8241633836921342,0.9085997380242599,0.7561375069124818,-0.8038591654089096,0.5225107881133605,0.664747073929648,-0.27134887487066567,0.5195881810909314,0.8508648214081524,-1.1387599367506689
340,1.2133516482134197,-0.2871914144217163,-1.3225107746384335,-0.11338264511659583,0.5225107881133605,-0.5067873731938901,-0.1619473555366363,0.5195881810909314,-1.1752748202059096,-1.1387599367506689
341,1.2133516482134197,-0.2871914144217163,-1.3225107746384335,-0.7348115133796782,-0.5527137238424564,-0.5067873731938901,-0.1619473555366363,0.5195881810909314,-1.1752748202059096,0.8781482099321078
342,1.2133516482134197,0.9085997380242599,0.7561375069124818,0.16280796300032965,-0.5527137238424564,-0.5067873731938901,-0.5012574673372111,0.5195881810909314,0.8508648214081524,0.8781482099321078
343,1.2133516482134197,-1.4829825668676926,0.7561375069124818,-0.11338264511659583,-0.5527137238424564,-0.5067873731938901,-0.15155066687422314,0.5195881810909314,0.8508648214081524,0.8781482099321078
344,1.2133516482134197,-0.2871914144217163,-1.3225107746384335,0.8532844832926434,0.5225107881133605,-0.5067873731938901,-0.1619473555366363,0.5195881810909314,-1.1752748202059096,-1.1387599367506689
345,-0.8241633836921342,0.9085997380242599,0.7561375069124818,-0.8729068174381409,-0.5527137238424564,-0.5067873731938901,-0.5187428073603605,0.5195881810909314,0.8508648214081524,0.8781482099321078
346,-0.8241633836921342,-1.4829825668676926,0.7561375069124818,1.4056656995264942,0.5225107881133605,-0.5067873731938901,0.40325444629273344,0.5195881810909314,0.8508648214081524,-1.1387599367506689
347,1.2133516482134197,-1.4829825668676926,-1.3225107746384335,-1.080049773525835,0.5225107881133605,1.8362815210531864,1.6149412522212485,0.5195881810909314,-1.1752748202059096,-1.1387599367506689
348,-0.8241633836921342,0.9085997380242599,-1.3225107746384335,-0.5967162093212154,1.5977353000691772,1.8362815210531864,-0.003634141813526875,0.5195881810909314,-1.1752748202059096,-1.1387599367506689
349,1.2133516482134197,-0.2871914144217163,-1.3225107746384335,-0.3895732532335213,1.5977353000691772,3.007815968176725,-0.298994615177537,0.5195881810909314,-1.1752748202059096,-1.1387599367506689
350,-0.8241633836921342,-1.4829825668676926,0.7561375069124818,2.372332827935734,0.5225107881133605,4.179350415300263,4.318080304448669,0.5195881810909314,0.8508648214081524,-1.1387599367506689
351,-0.8241633836921342,-0.2871914144217163,0.7561375069124818,0.09376031097109827,-0.5527137238424564,-0.5067873731938901,-0.45494494511373434,0.5195881810909314,0.8508648214081524,0.8781482099321078
352,1.2133516482134197,-0.2871914144217163,-1.3225107746384335,1.0604274393803375,0.5225107881133605,0.664747073929648,-0.15722158796281213,0.5195881810909314,-1.1752748202059096,-1.1387599367506689
353,-0.8241633836921342,0.9085997380242599,0.7561375069124818,-0.6657638613504469,-0.5527137238424564,-0.5067873731938901,-0.473848015409031,0.5195881810909314,0.8508648214081524,0.8781482099321078
354,-0.8241633836921342,0.9085997380242599,0.7561375069124818,-0.32052560120428997,0.5225107881133605,-0.5067873731938901,-0.5064558116684177,0.5195881810909314,0.8508648214081524,-1.1387599367506689
355,1.2133516482134197,-0.2871914144217163,-1.3225107746384335,-0.11338264511659583,-0.5527137238424564,-0.5067873731938901,-0.4076872693754927,0.5195881810909314,-1.1752748202059096,0.8781482099321078
356,1.2133516482134197,-1.4829825668676926,0.7561375069124818,-1.7705262938181487,-0.5527137238424564,1.8362815210531864,0.8939460159391325,0.5195881810909314,-1.1752748202059096,-1.1387599367506689
357,1.2133516482134197,-0.2871914144217163,-1.3225107746384335,-1.1490974255550663,-0.5527137238424564,0.664747073929648,-0.2848173124560645,0.5195881810909314,-1.1752748202059096,-1.1387599367506689
358,1.2133516482134197,-1.4829825668676926,0.7561375069124818,0.3009032670587924,-0.5527137238424564,-0.5067873731938901,-0.15155066687422314,0.5195881810909314,0.8508648214081524,0.8781482099321078
359,1.2133516482134197,0.9085997380242599,-1.3225107746384335,-1.7014786417889174,1.5977353000691772,0.664747073929648,-0.2893861845464377,-2.0494867143031175,-1.1752748202059096,-1.1387599367506689
360,1.2133516482134197,-1.4829825668676926,0.7561375069124818,1.5437610035849572,-0.5527137238424564,-0.5067873731938901,-0.07688353920780139,0.5195881810909314,0.8508648214081524,0.8781482099321078
361,-0.8241633836921342,-0.2871914144217163,0.7561375069124818,0.43899857111725515,0.5225107881133605,1.8362815210531864,-0.12886698251986717,0.5195881810909314,0.8508648214081524,-1.1387599367506689
362,-0.8241633836921342,-1.4829825668676926,0.7561375069124818,0.024712658941866902,-0.5527137238424564,-0.5067873731938901,-0.12886698251986717,-2.0494867143031175,0.8508648214081524,0.8781482099321078
363,1.2133516482134197,-1.4829825668676926,0.7561375069124818,1.3366180474972629,0.5225107881133605,-0.5067873731938901,1.0309157729918226,-2.0494867143031175,0.8508648214081524,-1.1387599367506689
364,1.2133516482134197,0.9085997380242599,0.7561375069124818,-0.044334993087364466,-0.5527137238424564,-0.5067873731938901,-0.5041723207767458,-2.0494867143031175,0.8508648214081524,0.8781482099321078
365,-0.8241633836921342,-1.4829825668676926,0.7561375069124818,2.441380479964965,-0.5527137238424564,-0.5067873731938901,-0.15155066687422314,0.5195881810909314,0.8508648214081524,0.8781482099321078
366,1.2133516482134197,-0.2871914144217163,-1.3225107746384335,1.4056656995264942,-0.5527137238424564,-0.5067873731938901,-0.45494494511373434,0.5195881810909314,-1.1752748202059096,0.8781482099321078
367,1.2133516482134197,-1.4829825668676926,0.7561375069124818,1.2675703954680315,-0.5527137238424564,-0.5067873731938901,-0.15155066687422314,0.5195881810909314,0.8508648214081524,0.8781482099321078
368,-0.8241633836921342,0.9085997380242599,0.7561375069124818,0.3009032670587924,-0.5527137238424564,-0.5067873731938901,-0.5012574673372111,0.5195881810909314,0.8508648214081524,0.8781482099321078
369,-0.8241633836921342,-1.4829825668676926,0.7561375069124818,1.1985227434388002,-0.5527137238424564,-0.5067873731938901,0.07434102315457179,0.5195881810909314,0.8508648214081524,0.8781482099321078
370,-0.8241633836921342,-0.2871914144217163,0.7561375069124818,1.2675703954680315,-0.5527137238424564,-0.5067873731938901,-0.4076872693754927,0.5195881810909314,0.8508648214081524,0.8781482099321078
371,-0.8241633836921342,0.9085997380242599,0.7561375069124818,0.5770938751757179,-0.5527137238424564,-0.5067873731938901,-0.5201605376325078,0.5195881810909314,0.8508648214081524,0.8781482099321078
372,-0.8241633836921342,-1.4829825668676926,0.7561375069124818,1.8199516117018826,-0.5527137238424564,-0.5067873731938901,-0.15155066687422314,0.5195881810909314,0.8508648214081524,0.8781482099321078
373,1.2133516482134197,0.9085997380242599,-1.3225107746384335,-1.9949311629131508,1.5977353000691772,0.664747073929648,-0.2893861845464377,-2.0494867143031175,-1.1752748202059096,-1.1387599367506689
374,-0.8241633836921342,0.9085997380242599,0.7561375069124818,0.5770938751757179,-0.5527137238424564,-0.5067873731938901,-0.4896793367813419,0.5195881810909314,0.8508648214081524,0.8781482099321078
375,1.2133516482134197,-0.2871914144217163,-1.3225107746384335,0.231855615029561,0.5225107881133605,1.8362815210531864,-0.12886698251986717,0.5195881810909314,-1.1752748202059096,-1.1387599367506689
376,1.2133516482134197,-0.2871914144217163,-1.3225107746384335,-0.4586209052627527,-0.5527137238424564,-0.5067873731938901,-0.3927217086227064,-2.0494867143031175,-1.1752748202059096,0.8781482099321078
377,-0.8241633836921342,0.9085997380242599,-1.3225107746384335,-0.527668557291984,-0.5527137238424564,-0.5067873731938901,-0.46746822918436837,0.5195881810909314,-1.1752748202059096,0.8781482099321078
378,-0.8241633836921342,-0.2871914144217163,0.7561375069124818,0.3009032670587924,0.5225107881133605,-0.5067873731938901,-0.2564627070131195,0.5195881810909314,0.8508648214081524,-1.1387599367506689
379,-0.8241633836921342,0.9085997380242599,0.7561375069124818,-0.044334993087364466,0.5225107881133605,-0.5067873731938901,-0.520239930527748,0.5195881810909314,0.8508648214081524,-1.1387599367506689
380,-0.8241633836921342,0.9085997380242599,0.7561375069124818,-0.527668557291984,-0.5527137238424564,-0.5067873731938901,-0.5112609721374821,0.5195881810909314,0.8508648214081524,0.8781482099321078
381,1.2133516482134197,0.9085997380242599,-1.3225107746384335,-1.9086215978766115,-0.5527137238424564,0.664747073929648,-0.42115570696089155,0.5195881810909314,-1.1752748202059096,-1.1387599367506689
382,-0.8241633836921342,0.9085997380242599,0.7561375069124818,-1.425288033671992,4.823408835936628,1.8362815210531864,0.2331268136350636,0.5195881810909314,-1.1752748202059096,-1.1387599367506689
383,-0.8241633836921342,0.9085997380242599,0.7561375069124818,1.4056656995264942,-0.5527137238424564,-0.5067873731938901,-0.5012574673372111,0.5195881810909314,0.8508648214081524,0.8781482099321078
384,1.2133516482134197,0.9085997380242599,-1.3225107746384335,2.3032851759065025,-0.5527137238424564,-0.5067873731938901,-0.47219399675819257,0.5195881810909314,-1.1752748202059096,0.8781482099321078
385,1.2133516482134197,-1.4829825668676926,0.7561375069124818,-0.32052560120428997,0.5225107881133605,-0.5067873731938901,1.0682493368250332,-2.0494867143031175,0.8508648214081524,-1.1387599367506689
386,1.2133516482134197,-1.4829825668676926,-1.3225107746384335,0.36995091908802374,0.5225107881133605,-0.5067873731938901,1.0478491433623491,0.5195881810909314,-1.1752748202059096,-1.1387599367506689
387,-0.8241633836921342,-1.4829825668676926,0.7561375069124818,1.9580469157603453,-0.5527137238424564,-0.5067873731938901,-0.09200599544403872,-2.0494867143031175,0.8508648214081524,0.8781482099321078
388,-0.8241633836921342,0.9085997380242599,0.7561375069124818,0.024712658941866902,-0.5527137238424564,-0.5067873731938901,-0.5012574673372111,0.5195881810909314,0.8508648214081524,0.8781482099321078
389,1.2133516482134197,0.9085997380242599,0.7561375069124818,-1.425288033671992,0.5225107881133605,0.664747073929648,-0.3528683655191325,0.5195881810909314,-1.1752748202059096,-1.1387599367506689
390,-0.8241633836921342,0.9085997380242599,0.7561375069124818,-0.5967162093212154,-0.5527137238424564,-0.5067873731938901,-0.5163799235734484,0.5195881810909314,0.8508648214081524,0.8781482099321078
391,-0.8241633836921342,-1.4829825668676926,0.7561375069124818,1.7509039596726512,-0.5527137238424564,-0.5067873731938901,-0.07688353920780139,0.5195881810909314,0.8508648214081524,0.8781482099321078
392,-0.8241633836921342,-1.4829825668676926,0.7561375069124818,2.8556663921403533,-0.5527137238424564,-0.5067873731938901,0.2823541892980751,-2.0494867143031175,0.8508648214081524,0.8781482099321078
393,-0.8241633836921342,0.9085997380242599,0.7561375069124818,-0.5967162093212154,-0.5527137238424564,-0.5067873731938901,-0.5012574673372111,0.5195881810909314,0.8508648214081524,0.8781482099321078
394,1.2133516482134197,-1.4829825668676926,-1.3225107746384335,1.6818563076434199,0.5225107881133605,-0.5067873731938901,0.826053748666545,-2.0494867143031175,-1.1752748202059096,-1.1387599367506689
395,-0.8241633836921342,-1.4829825668676926,-1.3225107746384335,-0.32052560120428997,0.5225107881133605,1.8362815210531864,2.211333120037858,0.5195881810909314,-1.1752748202059096,-1.1387599367506689
396,-0.8241633836921342,0.9085997380242599,0.7561375069124818,-0.3895732532335213,-0.5527137238424564,-0.5067873731938901,-0.5060626278062755,0.5195881810909314,0.8508648214081524,0.8781482099321078
397,-0.8241633836921342,0.9085997380242599,0.7561375069124818,-0.8729068174381409,-0.5527137238424564,-0.5067873731938901,-0.4896793367813419,0.5195881810909314,0.8508648214081524,0.8781482099321078
398,-0.8241633836921342,0.9085997380242599,-1.3225107746384335,-0.5967162093212154,-0.5527137238424564,-0.5067873731938901,-0.5069283884258001,-0.7649492666060931,-1.1752748202059096,0.8781482099321078
399,-0.8241633836921342,0.9085997380242599,-1.3225107746384335,0.5080462231464865,-0.5527137238424564,-0.5067873731938901,-0.47219399675819257,0.5195881810909314,-1.1752748202059096,0.8781482099321078
400,1.2133516482134197,-1.4829825668676926,-1.3225107746384335,-0.9419544694673723,-0.5527137238424564,-0.5067873731938901,0.9816883973288109,0.5195881810909314,-1.1752748202059096,0.8781482099321078
401,-0.8241633836921342,-1.4829825668676926,0.7561375069124818,-0.8038591654089096,0.5225107881133605,-0.5067873731938901,1.4051171719434559,-2.0494867143031175,0.8508648214081524,-1.1387599367506689
402,1.2133516482134197,-0.2871914144217163,-1.3225107746384335,0.231855615029561,-0.5527137238424564,1.8362815210531864,-0.1619473555366363,0.5195881810909314,-1.1752748202059096,-1.1387599367506689
403,-0.8241633836921342,0.9085997380242599,0.7561375069124818,-0.11338264511659583,-0.5527137238424564,-0.5067873731938901,-0.22763552481279217,0.5195881810909314,0.8508648214081524,0.8781482099321078
404,1.2133516482134197,0.9085997380242599,0.7561375069124818,-0.25147794917505856,-0.5527137238424564,-0.5067873731938901,0.41451689557467125,0.5195881810909314,0.8508648214081524,0.8781482099321078
405,1.2133516482134197,0.9085997380242599,0.7561375069124818,-0.044334993087364466,-0.5527137238424564,-0.5067873731938901,-0.5069283884258001,-0.7649492666060931,0.8508648214081524,0.8781482099321078
406,1.2133516482134197,-1.4829825668676926,0.7561375069124818,0.43899857111725515,-0.5527137238424564,-0.5067873731938901,-0.15651272282673848,0.5195881810909314,0.8508648214081524,0.8781482099321078
407,1.2133516482134197,-1.4829825668676926,-1.3225107746384335,1.6818563076434199,0.5225107881133605,-0.5067873731938901,0.4694151923262717,-2.0494867143031175,-1.1752748202059096,-1.1387599367506689
408,-0.8241633836921342,0.9085997380242599,0.7561375069124818,-0.3895732532335213,-0.5527137238424564,-0.5067873731938901,-0.5117335488948646,0.5195881810909314,0.8508648214081524,0.8781482099321078
409,-0.8241633836921342,-1.4829825668676926,0.7561375069124818,1.1985227434388002,-0.5527137238424564,-0.5067873731938901,-0.010329609312120923,0.5195881810909314,0.8508648214081524,0.8781482099321078
410,1.2133516482134197,-0.2871914144217163,-1.3225107746384335,0.3009032670587924,-0.5527137238424564,-0.5067873731938901,-0.45494494511373434,0.5195881810909314,-1.1752748202059096,0.8781482099321078
411,1.2133516482134197,-0.2871914144217163,-1.3225107746384335,0.43899857111725515,0.5225107881133605,-0.5067873731938901,-0.1619473555366363,0.5195881810909314,-1.1752748202059096,-1.1387599367506689
412,-0.8241633836921342,0.9085997380242599,0.7561375069124818,0.16280796300032965,-0.5527137238424564,-0.5067873731938901,-0.5041723207767458,0.5195881810909314,0.8508648214081524,0.8781482099321078
413,1.2133516482134197,-1.4829825668676926,-1.3225107746384335,0.024712658941866902,-0.5527137238424564,-0.5067873731938901,1.1140098893958874,0.5195881810909314,-1.1752748202059096,0.8781482099321078
414,-0.8241633836921342,0.9085997380242599,0.7561375069124818,-0.527668557291984,-0.5527137238424564,-0.5067873731938901,-0.5041723207767458,0.5195881810909314,0.8508648214081524,0.8781482099321078
415,1.2133516482134197,-1.4829825668676926,-1.3225107746384335,0.9913797873511061,-0.5527137238424564,0.664747073929648,0.4425577100507142,-2.0494867143031175,-1.1752748202059096,-1.1387599367506689
416,-0.8241633836921342,0.9085997380242599,0.7561375069124818,0.7497130052487962,-0.5527137238424564,-0.5067873731938901,-0.5069283884258001,-0.7649492666060931,0.8508648214081524,0.8781482099321078
417,1.2133516482134197,-0.2871914144217163,-1.3225107746384335,1.4056656995264942,-0.5527137238424564,-0.5067873731938901,-0.45494494511373434,0.5195881810909314,-1.1752748202059096,0.8781482099321078
418,-0.8241633836921342,0.9085997380242599,0.7561375069124818,0.6461415272049492,-0.5527137238424564,-0.5067873731938901,-0.5036203511241232,0.5195881810909314,0.8508648214081524,0.8781482099321078
419,-0.8241633836921342,-0.2871914144217163,0.7561375069124818,-0.4586209052627527,1.5977353000691772,0.664747073929648,-0.4360418748184377,0.5195881810909314,0.8508648214081524,-1.1387599367506689
420,1.2133516482134197,-0.2871914144217163,-1.3225107746384335,-1.9086215978766115,0.5225107881133605,0.664747073929648,-0.1619473555366363,0.5195881810909314,-1.1752748202059096,-1.1387599367506689
421,-0.8241633836921342,0.9085997380242599,0.7561375069124818,-0.8729068174381409,0.5225107881133605,0.664747073929648,-0.5167731074355907,-2.0494867143031175,0.8508648214081524,-1.1387599367506689
422,-0.8241633836921342,0.9085997380242599,-1.3225107746384335,0.024712658941866902,-0.5527137238424564,-0.5067873731938901,-0.4896793367813419,0.5195881810909314,-1.1752748202059096,0.8781482099321078
423,1.2133516482134197,-0.2871914144217163,-1.3225107746384335,-1.5633833377304547,-0.5527137238424564,1.8362815210531864,-0.15722158796281213,0.5195881810909314,-1.1752748202059096,-1.1387599367506689
424,-0.8241633836921342,-1.4829825668676926,0.7561375069124818,1.0604274393803375,-0.5527137238424564,-0.5067873731938901,-0.15155066687422314,0.5195881810909314,0.8508648214081524,0.8781482099321078
425,1.2133516482134197,-1.4829825668676926,-1.3225107746384335,0.024712658941866902,-0.5527137238424564,-0.5067873731938901,1.3583320729625965,-2.0494867143031175,-1.1752748202059096,0.8781482099321078
426,1.2133516482134197,-1.4829825668676926,-1.3225107746384335,-0.527668557291984,-0.5527137238424564,1.8362815210531864,0.2822747964028349,-2.0494867143031175,-1.1752748202059096,-1.1387599367506689
427,1.2133516482134197,-1.4829825668676926,-1.3225107746384335,0.43899857111725515,-0.5527137238424564,1.8362815210531864,0.6886908077517129,0.5195881810909314,-1.1752748202059096,-1.1387599367506689
428,-0.8241633836921342,0.9085997380242599,-1.3225107746384335,-1.425288033671992,3.748184323980811,1.8362815210531864,-0.06223365972894651,0.5195881810909314,-1.1752748202059096,-1.1387599367506689
429,-0.8241633836921342,0.9085997380242599,-1.3225107746384335,-1.287192729613529,3.748184323980811,1.8362815210531864,-0.06223365972894651,0.5195881810909314,-1.1752748202059096,-1.1387599367506689
430,1.2133516482134197,-0.2871914144217163,0.7561375069124818,0.16280796300032965,0.5225107881133605,-0.5067873731938901,-0.1619473555366363,0.5195881810909314,0.8508648214081524,-1.1387599367506689
431,-0.8241633836921342,-1.4829825668676926,0.7561375069124818,1.4056656995264942,0.5225107881133605,-0.5067873731938901,1.3583320729625965,-2.0494867143031175,0.8508648214081524,-1.1387599367506689
432,-0.8241633836921342,-1.4829825668676926,0.7561375069124818,2.372332827935734,-0.5527137238424564,-0.5067873731938901,-0.1619473555366363,0.5195881810909314,0.8508648214081524,0.8781482099321078
433,1.2133516482134197,-0.2871914144217163,-1.3225107746384335,-0.7348115133796782,0.5225107881133605,-0.5067873731938901,-0.1619473555366363,0.5195881810909314,-1.1752748202059096,-1.1387599367506689
434,-0.8241633836921342,0.9085997380242599,0.7561375069124818,0.231855615029561,0.5225107881133605,0.664747073929648,-0.2654416654033855,0.5195881810909314,0.8508648214081524,-1.1387599367506689
435,1.2133516482134197,-0.2871914144217163,0.7561375069124818,-1.4943356857012233,0.5225107881133605,0.664747073929648,0.04126065013780266,0.5195881810909314,-1.1752748202059096,-1.1387599367506689
436,1.2133516482134197,-1.4829825668676926,0.7561375069124818,-0.8729068174381409,-0.5527137238424564,1.8362815210531864,1.4426076312601177,-2.0494867143031175,0.8508648214081524,-1.1387599367506689
437,-0.8241633836921342,-0.2871914144217163,0.7561375069124818,-0.1824302971458272,-0.5527137238424564,-0.5067873731938901,-0.1619473555366363,0.5195881810909314,0.8508648214081524,0.8781482099321078
438,1.2133516482134197,0.9085997380242599,0.7561375069124818,-0.527668557291984,-0.5527137238424564,-0.5067873731938901,-0.5168525003308309,-2.0494867143031175,0.8508648214081524,0.8781482099321078
439,1.2133516482134197,0.9085997380242599,-1.3225107746384335,-0.527668557291984,-0.5527137238424564,-0.5067873731938901,-0.5064558116684177,0.5195881810909314,-1.1752748202059096,0.8781482099321078
440,-0.8241633836921342,-1.4829825668676926,0.7561375069124818,2.234237523877271,-0.5527137238424564,-0.5067873731938901,-0.15155066687422314,0.5195881810909314,0.8508648214081524,0.8781482099321078
441,1.2133516482134197,-1.4829825668676926,-1.3225107746384335,1.2675703954680315,0.5225107881133605,-0.5067873731938901,0.09513440047939814,-2.0494867143031175,-1.1752748202059096,-1.1387599367506689
442,1.2133516482134197,-1.4829825668676926,-1.3225107746384335,0.6461415272049492,0.5225107881133605,0.664747073929648,0.8522023658060289,0.5195881810909314,-1.1752748202059096,-1.1387599367506689
443,1.2133516482134197,0.9085997380242599,-1.3225107746384335,0.43899857111725515,0.5225107881133605,-0.5067873731938901,-0.3245137600761875,0.5195881810909314,-1.1752748202059096,-1.1387599367506689
444,-0.8241633836921342,0.9085997380242599,0.7561375069124818,0.7151891792341806,-0.5527137238424564,-0.5067873731938901,-0.5041723207767458,0.5195881810909314,0.8508648214081524,0.8781482099321078
445,-0.8241633836921342,-0.2871914144217163,0.7561375069124818,-0.11338264511659583,-0.5527137238424564,-0.5067873731938901,-0.3982357342278444,0.5195881810909314,0.8508648214081524,0.8781482099321078
446,-0.8241633836921342,0.9085997380242599,0.7561375069124818,-0.3895732532335213,1.5977353000691772,-0.5067873731938901,-0.1969180355829351,0.5195881810909314,0.8508648214081524,-1.1387599367506689
447,-0.8241633836921342,0.9085997380242599,0.7561375069124818,-0.7348115133796782,-0.5527137238424564,-0.5067873731938901,-0.5041723207767458,0.5195881810909314,0.8508648214081524,0.8781482099321078
448,-0.8241633836921342,0.9085997380242599,-1.3225107746384335,-0.044334993087364466,-0.5527137238424564,4.179350415300263,-0.2550449767409723,0.5195881810909314,-1.1752748202059096,-1.1387599367506689
449,1.2133516482134197,0.9085997380242599,0.7561375069124818,0.16280796300032965,-0.5527137238424564,-0.5067873731938901,-0.5049586885010302,0.5195881810909314,0.8508648214081524,0.8781482099321078
450,1.2133516482134197,-0.2871914144217163,0.7561375069124818,2.234237523877271,-0.5527137238424564,-0.5067873731938901,-0.45494494511373434,0.5195881810909314,0.8508648214081524,0.8781482099321078
451,1.2133516482134197,-1.4829825668676926,-1.3225107746384335,1.6128086556141885,1.5977353000691772,-0.5067873731938901,0.319687753131286,0.5195881810909314,-1.1752748202059096,-1.1387599367506689
452,1.2133516482134197,-1.4829825668676926,0.7561375069124818,0.43899857111725515,-0.5527137238424564,-0.5067873731938901,-0.15462241579720887,0.5195881810909314,0.8508648214081524,0.8781482099321078
453,-0.8241633836921342,0.9085997380242599,0.7561375069124818,-0.9419544694673723,-0.5527137238424564,-0.5067873731938901,-0.5012574673372111,0.5195881810909314,0.8508648214081524,0.8781482099321078
454,-0.8241633836921342,0.9085997380242599,0.7561375069124818,-0.7348115133796782,-0.5527137238424564,-0.5067873731938901,-0.3793326639325477,0.5195881810909314,0.8508648214081524,0.8781482099321078
455,1.2133516482134197,-0.2871914144217163,-1.3225107746384335,0.3009032670587924,-0.5527137238424564,-0.5067873731938901,-0.4076872693754927,0.5195881810909314,-1.1752748202059096,0.8781482099321078
456,1.2133516482134197,-1.4829825668676926,-1.3225107746384335,0.6461415272049492,0.5225107881133605,-0.5067873731938901,0.40325444629273344,0.5195881810909314,-1.1752748202059096,-1.1387599367506689
457,1.2133516482134197,0.9085997380242599,0.7561375069124818,0.16280796300032965,-0.5527137238424564,-0.5067873731938901,-0.5036203511241232,0.5195881810909314,0.8508648214081524,0.8781482099321078
458,1.2133516482134197,-0.2871914144217163,-1.3225107746384335,-0.32052560120428997,0.5225107881133605,0.664747073929648,-0.08633507435544971,0.5195881810909314,-1.1752748202059096,-1.1387599367506689
459,1.2133516482134197,-1.4829825668676926,-1.3225107746384335,0.6461415272049492,0.5225107881133605,0.664747073929648,1.4426076312601177,-2.0494867143031175,-1.1752748202059096,-1.1387599367506689
460,-0.8241633836921342,-0.2871914144217163,0.7561375069124818,1.6818563076434199,-0.5527137238424564,-0.5067873731938901,-0.1619473555366363,0.5195881810909314,0.8508648214081524,0.8781482099321078
461,-0.8241633836921342,-1.4829825668676926,0.7561375069124818,0.43899857111725515,-0.5527137238424564,-0.5067873731938901,0.10505851238442884,-2.0494867143031175,0.8508648214081524,0.8781482099321078
462,1.2133516482134197,-1.4829825668676926,-1.3225107746384335,-0.8038591654089096,-0.5527137238424564,1.8362815210531864,0.8522023658060289,0.5195881810909314,-1.1752748202059096,-1.1387599367506689
463,-0.8241633836921342,-0.2871914144217163,0.7561375069124818,1.1985227434388002,-0.5527137238424564,-0.5067873731938901,-0.3698811287848994,0.5195881810909314,0.8508648214081524,0.8781482099321078
464,1.2133516482134197,-1.4829825668676926,0.7561375069124818,2.096142219818808,0.5225107881133605,0.664747073929648,0.8436959841731454,-2.0494867143031175,0.8508648214081524,-1.1387599367506689
465,-0.8241633836921342,0.9085997380242599,0.7561375069124818,-0.527668557291984,-0.5527137238424564,-0.5067873731938901,-0.5012574673372111,0.5195881810909314,0.8508648214081524,0.8781482099321078
466,-0.8241633836921342,0.9085997380242599,0.7561375069124818,0.36995091908802374,-0.5527137238424564,-0.5067873731938901,-0.5187428073603605,0.5195881810909314,0.8508648214081524,0.8781482099321078
467,1.2133516482134197,-1.4829825668676926,-1.3225107746384335,1.5437610035849572,0.5225107881133605,-0.5067873731938901,0.826053748666545,-2.0494867143031175,-1.1752748202059096,-1.1387599367506689
468,-0.8241633836921342,0.9085997380242599,0.7561375069124818,1.1985227434388002,-0.5527137238424564,-0.5067873731938901,-0.5163799235734484,0.5195881810909314,0.8508648214081524,0.8781482099321078
469,-0.8241633836921342,-0.2871914144217163,0.7561375069124818,0.5080462231464865,0.5225107881133605,-0.5067873731938901,-0.1619473555366363,0.5195881810909314,0.8508648214081524,-1.1387599367506689
470,-0.8241633836921342,0.9085997380242599,0.7561375069124818,0.43899857111725515,0.5225107881133605,0.664747073929648,-0.1969180355829351,0.5195881810909314,0.8508648214081524,-1.1387599367506689
471,-0.8241633836921342,0.9085997380242599,0.7561375069124818,1.3366180474972629,-0.5527137238424564,-0.5067873731938901,-0.6534271832143491,0.5195881810909314,0.8508648214081524,0.8781482099321078
472,1.2133516482134197,-1.4829825668676926,0.7561375069124818,1.3366180474972629,0.5225107881133605,-0.5067873731938901,0.4227094862406528,-2.0494867143031175,0.8508648214081524,-1.1387599367506689
473,1.2133516482134197,-0.2871914144217163,-1.3225107746384335,-0.3895732532335213,1.5977353000691772,0.664747073929648,-0.14304428524133964,0.5195881810909314,-1.1752748202059096,-1.1387599367506689
474,-0.8241633836921342,0.9085997380242599,0.7561375069124818,0.9913797873511061,-0.5527137238424564,-0.5067873731938901,-0.5012574673372111,0.5195881810909314,0.8508648214081524,0.8781482099321078
475,1.2133516482134197,-1.4829825668676926,0.7561375069124818,0.36995091908802374,-0.5527137238424564,-0.5067873731938901,-0.15155066687422314,-2.0494867143031175,0.8508648214081524,0.8781482099321078
476,-0.8241633836921342,0.9085997380242599,0.7561375069124818,0.43899857111725515,0.5225107881133605,-0.5067873731938901,-0.35948444012248626,0.5195881810909314,0.8508648214081524,-1.1387599367506689
477,-0.8241633836921342,0.9085997380242599,0.7561375069124818,0.024712658941866902,-0.5527137238424564,-0.5067873731938901,-0.5041723207767458,0.5195881810909314,0.8508648214081524,0.8781482099321078
478,1.2133516482134197,-1.4829825668676926,0.7561375069124818,-0.1824302971458272,-0.5527137238424564,-0.5067873731938901,-0.07688353920780139,0.5195881810909314,0.8508648214081524,0.8781482099321078
479,1.2133516482134197,-0.2871914144217163,-1.3225107746384335,-0.527668557291984,0.5225107881133605,1.8362815210531864,0.13254735720784924,-2.0494867143031175,-1.1752748202059096,-1.1387599367506689
480,1.2133516482134197,-1.4829825668676926,-1.3225107746384335,0.7151891792341806,-0.5527137238424564,-0.5067873731938901,2.247485241977613,0.5195881810909314,-1.1752748202059096,0.8781482099321078
481,-0.8241633836921342,0.9085997380242599,-1.3225107746384335,0.6461415272049492,0.5225107881133605,5.350884862423801,-0.06223365972894651,0.5195881810909314,-1.1752748202059096,-1.1387599367506689
482,-0.8241633836921342,0.9085997380242599,0.7561375069124818,0.36995091908802374,-0.5527137238424564,-0.5067873731938901,-0.5012574673372111,0.5195881810909314,0.8508648214081524,0.8781482099321078
483,1.2133516482134197,-0.2871914144217163,-1.3225107746384335,-0.3895732532335213,0.5225107881133605,1.8362815210531864,0.5752723859799329,0.5195881810909314,-1.1752748202059096,-1.1387599367506689
484,-0.8241633836921342,0.9085997380242599,0.7561375069124818,0.3009032670587924,0.5225107881133605,0.664747073929648,-0.3812229709620774,0.5195881810909314,0.8508648214081524,-1.1387599367506689
485,-0.8241633836921342,0.9085997380242599,-1.3225107746384335,-0.25147794917505856,0.5225107881133605,-0.5067873731938901,-0.3490877514600731,0.5195881810909314,-1.1752748202059096,-1.1387599367506689
486,1.2133516482134197,-0.2871914144217163,-1.3225107746384335,-1.7705262938181487,1.5977353000691772,0.664747073929648,0.08379255830222011,0.5195881810909314,-1.1752748202059096,-1.1387599367506689
487,-0.8241633836921342,-0.2871914144217163,0.7561375069124818,-0.25147794917505856,-0.5527137238424564,-0.5067873731938901,-0.45494494511373434,0.5195881810909314,0.8508648214081524,0.8781482099321078
488,-0.8241633836921342,0.9085997380242599,0.7561375069124818,-0.1824302971458272,0.5225107881133605,-0.5067873731938901,-0.3801984245520723,-2.0494867143031175,0.8508648214081524,-1.1387599367506689
489,1.2133516482134197,-1.4829825668676926,0.7561375069124818,0.8532844832926434,0.5225107881133605,-0.5067873731938901,0.34000855369872995,0.5195881810909314,0.8508648214081524,-1.1387599367506689
490,1.2133516482134197,0.9085997380242599,0.7561375069124818,-0.6657638613504469,0.5225107881133605,0.664747073929648,-0.35586072154687787,-2.0494867143031175,0.8508648214081524,-1.1387599367506689
491,-0.8241633836921342,0.9085997380242599,0.7561375069124818,-0.5967162093212154,-0.5527137238424564,-0.5067873731938901,-0.5049586885010302,0.5195881810909314,0.8508648214081524,0.8781482099321078
492,-0.8241633836921342,0.9085997380242599,0.7561375069124818,-0.5967162093212154,-0.5527137238424564,-0.5067873731938901,-0.3490877514600731,0.5195881810909314,0.8508648214081524,0.8781482099321078
493,-0.8241633836921342,-1.4829825668676926,0.7561375069124818,2.1651898718480393,-0.5527137238424564,-0.5067873731938901,-0.04246482881412528,0.5195881810909314,0.8508648214081524,0.8781482099321078
494,-0.8241633836921342,-0.2871914144217163,0.7561375069124818,1.888999263731114,-0.5527137238424564,-0.5067873731938901,-0.4199742650674355,-0.7649492666060931,0.8508648214081524,0.8781482099321078
495,1.2133516482134197,-1.4829825668676926,-1.3225107746384335,-0.5967162093212154,-0.5527137238424564,-0.5067873731938901,0.8202240417874754,0.5195881810909314,-1.1752748202059096,0.8781482099321078
496,-0.8241633836921342,0.9085997380242599,0.7561375069124818,-0.25147794917505856,-0.5527137238424564,-0.5067873731938901,-0.5041723207767458,0.5195881810909314,0.8508648214081524,0.8781482099321078
497,1.2133516482134197,-1.4829825668676926,0.7561375069124818,3.4770952604034355,-0.5527137238424564,-0.5067873731938901,-0.08633507435544971,0.5195881810909314,0.8508648214081524,0.8781482099321078
498,-0.8241633836921342,0.9085997380242599,0.7561375069124818,1.4747133515557256,-0.5527137238424564,-0.5067873731938901,-0.5200811447372675,0.5195881810909314,0.8508648214081524,0.8781482099321078
499,1.2133516482134197,-1.4829825668676926,0.7561375069124818,0.16280796300032965,-0.5527137238424564,-0.5067873731938901,-0.07688353920780139,-2.0494867143031175,0.8508648214081524,0.8781482099321078
500,-0.8241633836921342,0.9085997380242599,-1.3225107746384335,-1.425288033671992,2.672959812024994,1.8362815210531864,-0.12603152197557269,0.5195881810909314,-1.1752748202059096,-1.1387599367506689
501,1.2133516482134197,-0.2871914144217163,-1.3225107746384335,-0.11338264511659583,-0.5527137238424564,-0.5067873731938901,-0.4076872693754927,0.5195881810909314,-1.1752748202059096,0.8781482099321078
502,-0.8241633836921342,0.9085997380242599,0.7561375069124818,0.16280796300032965,-0.5527137238424564,-0.5067873731938901,-0.5036203511241232,0.5195881810909314,0.8508648214081524,0.8781482099321078
503,-0.8241633836921342,-0.2871914144217163,0.7561375069124818,0.09376031097109827,0.5225107881133605,0.664747073929648,-0.15722158796281213,0.5195881810909314,0.8508648214081524,-1.1387599367506689
504,-0.8241633836921342,0.9085997380242599,-1.3225107746384335,0.7842368312634119,-0.5527137238424564,5.350884862423801,0.09678841913023657,0.5195881810909314,-1.1752748202059096,-1.1387599367506689
505,-0.8241633836921342,0.9085997380242599,0.7561375069124818,-0.6657638613504469,-0.5527137238424564,-0.5067873731938901,-0.5049586885010302,0.5195881810909314,0.8508648214081524,0.8781482099321078
506,1.2133516482134197,-1.4829825668676926,-1.3225107746384335,-0.3895732532335213,-0.5527137238424564,-0.5067873731938901,0.6565555882497085,-2.0494867143031175,-1.1752748202059096,0.8781482099321078
507,-0.8241633836921342,0.9085997380242599,-1.3225107746384335,-1.9086215978766115,2.672959812024994,1.8362815210531864,-0.12603152197557269,0.5195881810909314,-1.1752748202059096,-1.1387599367506689
508,1.2133516482134197,0.9085997380242599,-1.3225107746384335,-1.9949311629131508,1.5977353000691772,0.664747073929648,-0.2893861845464377,-2.0494867143031175,-1.1752748202059096,-1.1387599367506689
509,1.2133516482134197,-1.4829825668676926,0.7561375069124818,1.2675703954680315,0.5225107881133605,-0.5067873731938901,0.7969902780875265,-2.0494867143031175,0.8508648214081524,-1.1387599367506689
510,-0.8241633836921342,0.9085997380242599,0.7561375069124818,-0.7348115133796782,-0.5527137238424564,-0.5067873731938901,-0.5041723207767458,0.5195881810909314,0.8508648214081524,0.8781482099321078
511,1.2133516482134197,-1.4829825668676926,0.7561375069124818,1.8199516117018826,-0.5527137238424564,-0.5067873731938901,0.017631812268681855,-2.0494867143031175,0.8508648214081524,0.8781482099321078
512,1.2133516482134197,0.9085997380242599,-1.3225107746384335,-0.4586209052627527,-0.5527137238424564,-0.5067873731938901,-0.5107090024848594,0.5195881810909314,-1.1752748202059096,0.8781482099321078
513,1.2133516482134197,-0.2871914144217163,-1.3225107746384335,-0.8038591654089096,-0.5527137238424564,0.664747073929648,-0.21865656642252623,0.5195881810909314,-1.1752748202059096,-1.1387599367506689
514,-0.8241633836921342,0.9085997380242599,0.7561375069124818,-0.5967162093212154,-0.5527137238424564,-0.5067873731938901,-0.49401192049302395,0.5195881810909314,0.8508648214081524,0.8781482099321078
515,-0.8241633836921342,0.9085997380242599,-1.3225107746384335,-0.8038591654089096,-0.5527137238424564,-0.5067873731938901,-0.5258314587210967,-0.7649492666060931,-1.1752748202059096,0.8781482099321078
516,-0.8241633836921342,-0.2871914144217163,0.7561375069124818,-0.3895732532335213,1.5977353000691772,-0.5067873731938901,0.7359484834899545,0.5195881810909314,0.8508648214081524,-1.1387599367506689
517,-0.8241633836921342,0.9085997380242599,-1.3225107746384335,0.16280796300032965,0.5225107881133605,0.664747073929648,-0.3604295936372511,-0.7649492666060931,-1.1752748202059096,-1.1387599367506689
518,-0.8241633836921342,-0.2871914144217163,0.7561375069124818,-0.4586209052627527,-0.5527137238424564,-0.5067873731938901,-0.4076872693754927,0.5195881810909314,0.8508648214081524,0.8781482099321078
519,-0.8241633836921342,-1.4829825668676926,0.7561375069124818,1.9580469157603453,-0.5527137238424564,1.8362815210531864,1.4878181044853787,-2.0494867143031175,0.8508648214081524,-1.1387599367506689
520,1.2133516482134197,-1.4829825668676926,0.7561375069124818,1.4056656995264942,1.5977353000691772,-0.5067873731938901,1.872968161752048,0.5195881810909314,0.8508648214081524,-1.1387599367506689
521,-0.8241633836921342,0.9085997380242599,0.7561375069124818,0.7151891792341806,-0.5527137238424564,-0.5067873731938901,-0.5168525003308309,-2.0494867143031175,0.8508648214081524,0.8781482099321078
522,-0.8241633836921342,-1.4829825668676926,0.7561375069124818,1.1985227434388002,-0.5527137238424564,-0.5067873731938901,-0.16974487203344618,0.5195881810909314,0.8508648214081524,0.8781482099321078
523,-0.8241633836921342,0.9085997380242599,0.7561375069124818,0.43899857111725515,-0.5527137238424564,-0.5067873731938901,-0.5117335488948646,0.5195881810909314,0.8508648214081524,0.8781482099321078
524,1.2133516482134197,0.9085997380242599,0.7561375069124818,-0.6657638613504469,0.5225107881133605,-0.5067873731938901,-0.5036203511241232,0.5195881810909314,0.8508648214081524,-1.1387599367506689
525,-0.8241633836921342,-0.2871914144217163,0.7561375069124818,0.16280796300032965,1.5977353000691772,-0.5067873731938901,0.7359484834899545,0.5195881810909314,0.8508648214081524,-1.1387599367506689
526,-0.8241633836921342,-0.2871914144217163,0.7561375069124818,-0.32052560120428997,-0.5527137238424564,-0.5067873731938901,-0.4076872693754927,0.5195881810909314,0.8508648214081524,0.8781482099321078
527,-0.8241633836921342,0.9085997380242599,0.7561375069124818,0.9223321353218747,-0.5527137238424564,-0.5067873731938901,-0.5012574673372111,0.5195881810909314,0.8508648214081524,0.8781482099321078
528,1.2133516482134197,-0.2871914144217163,-1.3225107746384335,0.7151891792341806,0.5225107881133605,0.664747073929648,0.08379255830222011,0.5195881810909314,-1.1752748202059096,-1.1387599367506689
529,-0.8241633836921342,-1.4829825668676926,0.7561375069124818,0.09376031097109827,0.5225107881133605,-0.5067873731938901,0.32953247214107656,0.5195881810909314,0.8508648214081524,-1.1387599367506689
530,-0.8241633836921342,-0.2871914144217163,0.7561375069124818,2.786618740111122,-0.5527137238424564,-0.5067873731938901,-0.45494494511373434,0.5195881810909314,0.8508648214081524,0.8781482099321078
531,1.2133516482134197,-0.2871914144217163,0.7561375069124818,0.09376031097109827,-0.5527137238424564,-0.5067873731938901,-0.4076872693754927,0.5195881810909314,0.8508648214081524,0.8781482099321078
532,-0.8241633836921342,0.9085997380242599,0.7561375069124818,-0.8038591654089096,-0.5527137238424564,-0.5067873731938901,-0.5064558116684177,0.5195881810909314,0.8508648214081524,0.8781482099321078
533,-0.8241633836921342,0.9085997380242599,0.7561375069124818,-0.35504942721890564,-0.5527137238424564,-0.5067873731938901,-0.5012574673372111,0.5195881810909314,0.8508648214081524,0.8781482099321078
534,1.2133516482134197,0.9085997380242599,-1.3225107746384335,-0.8038591654089096,-0.5527137238424564,-0.5067873731938901,-0.46738883628912814,0.5195881810909314,-1.1752748202059096,0.8781482099321078
535,-0.8241633836921342,0.9085997380242599,-1.3225107746384335,0.9223321353218747,0.5225107881133605,6.522419309547339,0.2331268136350636,0.5195881810909314,-1.1752748202059096,-1.1387599367506689
536,1.2133516482134197,-1.4829825668676926,0.7561375069124818,0.43899857111725515,-0.5527137238424564,0.664747073929648,9.031167698718745,-2.0494867143031175,0.8508648214081524,-1.1387599367506689
537,1.2133516482134197,-1.4829825668676926,0.7561375069124818,-0.1824302971458272,-0.5527137238424564,-0.5067873731938901,0.7969902780875265,-2.0494867143031175,0.8508648214081524,0.8781482099321078
538,-0.8241633836921342,0.9085997380242599,0.7561375069124818,-0.6657638613504469,-0.5527137238424564,-0.5067873731938901,-0.4790463597402375,0.5195881810909314,0.8508648214081524,0.8781482099321078
539,-0.8241633836921342,0.9085997380242599,0.7561375069124818,-1.080049773525835,4.823408835936628,1.8362815210531864,0.2331268136350636,0.5195881810909314,-1.1752748202059096,-1.1387599367506689
540,-0.8241633836921342,-0.2871914144217163,0.7561375069124818,2.096142219818808,0.5225107881133605,0.664747073929648,0.08379255830222011,0.5195881810909314,0.8508648214081524,-1.1387599367506689
541,-0.8241633836921342,-0.2871914144217163,0.7561375069124818,-0.32052560120428997,0.5225107881133605,1.8362815210531864,0.13254735720784924,-2.0494867143031175,0.8508648214081524,-1.1387599367506689
542,-0.8241633836921342,0.9085997380242599,0.7561375069124818,-1.080049773525835,3.748184323980811,0.664747073929648,0.09678841913023657,0.5195881810909314,-1.1752748202059096,-1.1387599367506689
543,-0.8241633836921342,0.9085997380242599,0.7561375069124818,-0.7348115133796782,-0.5527137238424564,-0.5067873731938901,-0.461167835854946,0.5195881810909314,0.8508648214081524,0.8781482099321078
544,-0.8241633836921342,0.9085997380242599,0.7561375069124818,-0.8038591654089096,-0.5527137238424564,-0.5067873731938901,-0.5060626278062755,0.5195881810909314,0.8508648214081524,0.8781482099321078
545,1.2133516482134197,-1.4829825668676926,-1.3225107746384335,-1.0110021214966036,-0.5527137238424564,0.664747073929648,3.341500435317906,0.5195881810909314,-1.1752748202059096,-1.1387599367506689
546,1.2133516482134197,-1.4829825668676926,0.7561375069124818,0.09376031097109827,0.5225107881133605,-0.5067873731938901,0.42404782361755977,0.5195881810909314,0.8508648214081524,-1.1387599367506689
547,1.2133516482134197,0.9085997380242599,-1.3225107746384335,-1.7705262938181487,-0.5527137238424564,0.664747073929648,-0.3998103599834426,-2.0494867143031175,-1.1752748202059096,-1.1387599367506689
548,-0.8241633836921342,0.9085997380242599,0.7561375069124818,-0.32052560120428997,-0.5527137238424564,-0.5067873731938901,-0.5168525003308309,-2.0494867143031175,0.8508648214081524,0.8781482099321078
549,-0.8241633836921342,-1.4829825668676926,0.7561375069124818,2.096142219818808,-0.5527137238424564,-0.5067873731938901,-0.15155066687422314,0.5195881810909314,0.8508648214081524,0.8781482099321078
550,-0.8241633836921342,-0.2871914144217163,0.7561375069124818,1.5437610035849572,-0.5527137238424564,-0.5067873731938901,-0.3982357342278444,0.5195881810909314,0.8508648214081524,0.8781482099321078
551,-0.8241633836921342,0.9085997380242599,0.7561375069124818,0.9913797873511061,-0.5527137238424564,-0.5067873731938901,-0.5012574673372111,0.5195881810909314,0.8508648214081524,0.8781482099321078
552,-0.8241633836921342,-1.4829825668676926,0.7561375069124818,1.3366180474972629,0.5225107881133605,0.664747073929648,1.4426076312601177,-2.0494867143031175,0.8508648214081524,-1.1387599367506689
553,-0.8241633836921342,0.9085997380242599,0.7561375069124818,0.8532844832926434,-0.5527137238424564,-0.5067873731938901,-0.5088186954553298,0.5195881810909314,0.8508648214081524,0.8781482099321078
554,1.2133516482134197,-1.4829825668676926,-1.3225107746384335,-0.8038591654089096,0.5225107881133605,-0.5067873731938901,3.6474938857230206,-2.0494867143031175,-1.1752748202059096,-1.1387599367506689
555,1.2133516482134197,-1.4829825668676926,0.7561375069124818,0.36995091908802374,-0.5527137238424564,-0.5067873731938901,-0.15651272282673848,0.5195881810909314,0.8508648214081524,0.8781482099321078
556,-0.8241633836921342,0.9085997380242599,-1.3225107746384335,-0.8038591654089096,-0.5527137238424564,0.664747073929648,-0.3801984245520723,-2.0494867143031175,-1.1752748202059096,-1.1387599367506689
557,-0.8241633836921342,0.9085997380242599,0.7561375069124818,-0.32052560120428997,-0.5527137238424564,-0.5067873731938901,-0.507085283909251,-0.7649492666060931,0.8508648214081524,0.8781482099321078
558,-0.8241633836921342,0.9085997380242599,0.7561375069124818,-0.25147794917505856,0.5225107881133605,-0.5067873731938901,-0.5049586885010302,0.5195881810909314,0.8508648214081524,-1.1387599367506689
559,-0.8241633836921342,-0.2871914144217163,0.7561375069124818,0.6461415272049492,-0.5527137238424564,-0.5067873731938901,-0.1619473555366363,0.5195881810909314,0.8508648214081524,0.8781482099321078
560,1.2133516482134197,-0.2871914144217163,-1.3225107746384335,1.0604274393803375,-0.5527137238424564,-0.5067873731938901,-0.3982357342278444,0.5195881810909314,-1.1752748202059096,0.8781482099321078
561,1.2133516482134197,-1.4829825668676926,0.7561375069124818,0.8532844832926434,-0.5527137238424564,-0.5067873731938901,-0.15651272282673848,0.5195881810909314,0.8508648214081524,0.8781482099321078
562,1.2133516482134197,-1.4829825668676926,-1.3225107746384335,-0.527668557291984,-0.5527137238424564,-0.5067873731938901,2.211333120037858,0.5195881810909314,-1.1752748202059096,0.8781482099321078
563,1.2133516482134197,-1.4829825668676926,-1.3225107746384335,-0.3895732532335213,-0.5527137238424564,-0.5067873731938901,0.2823541892980751,-2.0494867143031175,-1.1752748202059096,0.8781482099321078
564,1.2133516482134197,-1.4829825668676926,0.7561375069124818,1.2675703954680315,0.5225107881133605,-0.5067873731938901,0.32953247214107656,0.5195881810909314,0.8508648214081524,-1.1387599367506689
565,-0.8241633836921342,0.9085997380242599,0.7561375069124818,-0.044334993087364466,-0.5527137238424564,-0.5067873731938901,-0.47416369668296243,0.5195881810909314,0.8508648214081524,0.8781482099321078
566,-0.8241633836921342,-0.2871914144217163,0.7561375069124818,1.5437610035849572,-0.5527137238424564,-0.5067873731938901,-0.4076872693754927,0.5195881810909314,0.8508648214081524,0.8781482099321078
567,-0.8241633836921342,0.9085997380242599,0.7561375069124818,-0.7348115133796782,-0.5527137238424564,-0.5067873731938901,-0.5088186954553298,0.5195881810909314,0.8508648214081524,0.8781482099321078
568,1.2133516482134197,-1.4829825668676926,-1.3225107746384335,0.5770938751757179,-0.5527137238424564,-0.5067873731938901,3.6474938857230206,-2.0494867143031175,-1.1752748202059096,0.8781482099321078
569,1.2133516482134197,-0.2871914144217163,-1.3225107746384335,-0.1824302971458272,-0.5527137238424564,-0.5067873731938901,-0.45494494511373434,0.5195881810909314,-1.1752748202059096,0.8781482099321078
570,-0.8241633836921342,0.9085997380242599,0.7561375069124818,0.231855615029561,-0.5527137238424564,-0.5067873731938901,-0.5064558116684177,0.5195881810909314,0.8508648214081524,0.8781482099321078
571,1.2133516482134197,-0.2871914144217163,-1.3225107746384335,-1.632430989759686,-0.5527137238424564,0.664747073929648,-0.029625863469559765,0.5195881810909314,-1.1752748202059096,-1.1387599367506689
572,-0.8241633836921342,0.9085997380242599,0.7561375069124818,-0.8729068174381409,0.5225107881133605,-0.5067873731938901,-0.5200811447372675,0.5195881810909314,0.8508648214081524,-1.1387599367506689
573,-0.8241633836921342,-0.2871914144217163,0.7561375069124818,0.3009032670587924,-0.5527137238424564,-0.5067873731938901,-0.4076872693754927,0.5195881810909314,0.8508648214081524,0.8781482099321078
574,-0.8241633836921342,-0.2871914144217163,0.7561375069124818,1.4056656995264942,-0.5527137238424564,-0.5067873731938901,-0.4076872693754927,0.5195881810909314,0.8508648214081524,0.8781482099321078
575,1.2133516482134197,-1.4829825668676926,0.7561375069124818,-0.1824302971458272,0.5225107881133605,-0.5067873731938901,0.3503258494659029,0.5195881810909314,0.8508648214081524,-1.1387599367506689
576,-0.8241633836921342,0.9085997380242599,0.7561375069124818,-0.6657638613504469,-0.5527137238424564,-0.5067873731938901,-0.4896793367813419,0.5195881810909314,0.8508648214081524,0.8781482099321078
577,1.2133516482134197,-0.2871914144217163,-1.3225107746384335,0.024712658941866902,2.672959812024994,-0.5067873731938901,-0.2564627070131195,0.5195881810909314,-1.1752748202059096,-1.1387599367506689
578,-0.8241633836921342,-0.2871914144217163,0.7561375069124818,-0.32052560120428997,0.5225107881133605,-0.5067873731938901,-0.1619473555366363,0.5195881810909314,0.8508648214081524,-1.1387599367506689
579,-0.8241633836921342,0.9085997380242599,-1.3225107746384335,-0.32052560120428997,0.5225107881133605,-0.5067873731938901,-0.5036203511241232,0.5195881810909314,-1.1752748202059096,-1.1387599367506689
580,1.2133516482134197,-1.4829825668676926,-1.3225107746384335,-0.044334993087364466,-0.5527137238424564,-0.5067873731938901,3.341500435317906,0.5195881810909314,-1.1752748202059096,0.8781482099321078
581,-0.8241633836921342,0.9085997380242599,0.7561375069124818,-1.287192729613529,-0.5527137238424564,-0.5067873731938901,-0.29828575004146335,-2.0494867143031175,-1.1752748202059096,0.8781482099321078
582,-0.8241633836921342,-0.2871914144217163,0.7561375069124818,-0.4586209052627527,-0.5527137238424564,-0.5067873731938901,-0.4076872693754927,0.5195881810909314,0.8508648214081524,0.8781482099321078
583,-0.8241633836921342,-0.2871914144217163,0.7561375069124818,-0.4586209052627527,-0.5527137238424564,-0.5067873731938901,-0.4076872693754927,0.5195881810909314,0.8508648214081524,0.8781482099321078
584,-0.8241633836921342,0.9085997380242599,0.7561375069124818,-0.07885881910198016,-0.5527137238424564,-0.5067873731938901,-0.3490877514600731,0.5195881810909314,0.8508648214081524,0.8781482099321078
585,-0.8241633836921342,0.9085997380242599,-1.3225107746384335,1.2675703954680315,0.5225107881133605,3.007815968176725,-0.003634141813526875,0.5195881810909314,-1.1752748202059096,-1.1387599367506689
586,1.2133516482134197,-1.4829825668676926,0.7561375069124818,0.36995091908802374,-0.5527137238424564,-0.5067873731938901,9.031167698718745,-2.0494867143031175,0.8508648214081524,0.8781482099321078
587,-0.8241633836921342,-1.4829825668676926,0.7561375069124818,0.43899857111725515,0.5225107881133605,-0.5067873731938901,0.8370799095697914,0.5195881810909314,0.8508648214081524,-1.1387599367506689
588,1.2133516482134197,-1.4829825668676926,-1.3225107746384335,-0.5967162093212154,1.5977353000691772,1.8362815210531864,4.306265885514109,-2.0494867143031175,-1.1752748202059096,-1.1387599367506689
589,-0.8241633836921342,0.9085997380242599,0.7561375069124818,-0.3895732532335213,0.5225107881133605,-0.5067873731938901,-0.3490877514600731,0.5195881810909314,0.8508648214081524,-1.1387599367506689
590,1.2133516482134197,0.9085997380242599,0.7561375069124818,0.09376031097109827,-0.5527137238424564,-0.5067873731938901,-0.5036203511241232,0.5195881810909314,0.8508648214081524,0.8781482099321078
591,-0.8241633836921342,-1.4829825668676926,0.7561375069124818,2.786618740111122,0.5225107881133605,0.664747073929648,0.6886908077517129,0.5195881810909314,0.8508648214081524,-1.1387599367506689
592,-0.8241633836921342,0.9085997380242599,0.7561375069124818,-0.9419544694673723,0.5225107881133605,0.664747073929648,-0.270640009734592,0.5195881810909314,0.8508648214081524,-1.1387599367506689
593,1.2133516482134197,-0.2871914144217163,-1.3225107746384335,0.024712658941866902,-0.5527137238424564,-0.5067873731938901,-0.4076872693754927,0.5195881810909314,-1.1752748202059096,0.8781482099321078
594,-0.8241633836921342,-1.4829825668676926,0.7561375069124818,-0.7348115133796782,0.5225107881133605,-0.5067873731938901,0.3503258494659029,0.5195881810909314,0.8508648214081524,-1.1387599367506689
595,-0.8241633836921342,0.9085997380242599,0.7561375069124818,0.09376031097109827,-0.5527137238424564,-0.5067873731938901,-0.5069283884258001,-0.7649492666060931,0.8508648214081524,0.8781482099321078
596,1.2133516482134197,-0.2871914144217163,-1.3225107746384335,-1.7705262938181487,0.5225107881133605,0.664747073929648,-0.21865656642252623,0.5195881810909314,-1.1752748202059096,-1.1387599367506689
597,1.2133516482134197,0.9085997380242599,0.7561375069124818,-1.632430989759686,-0.5527137238424564,0.664747073929648,-0.41761138128052344,0.5195881810909314,-1.1752748202059096,-1.1387599367506689
598,-0.8241633836921342,0.9085997380242599,0.7561375069124818,0.231855615029561,-0.5527137238424564,-0.5067873731938901,-0.473848015409031,0.5195881810909314,0.8508648214081524,0.8781482099321078
599,-0.8241633836921342,0.9085997380242599,0.7561375069124818,-0.4586209052627527,-0.5527137238424564,-0.5067873731938901,-0.5041723207767458,0.5195881810909314,0.8508648214081524,0.8781482099321078
600,1.2133516482134197,-0.2871914144217163,-1.3225107746384335,1.2675703954680315,0.5225107881133605,1.8362815210531864,0.5752723859799329,0.5195881810909314,-1.1752748202059096,-1.1387599367506689
601,1.2133516482134197,-0.2871914144217163,0.7561375069124818,-2.000454975075489,0.5225107881133605,0.664747073929648,-0.3793326639325477,0.5195881810909314,-1.1752748202059096,-1.1387599367506689
602,-0.8241633836921342,0.9085997380242599,0.7561375069124818,-0.11338264511659583,-0.5527137238424564,-0.5067873731938901,-0.5060626278062755,0.5195881810909314,0.8508648214081524,0.8781482099321078
603,-0.8241633836921342,-0.2871914144217163,0.7561375069124818,-0.8038591654089096,-0.5527137238424564,-0.5067873731938901,-0.4360418748184377,0.5195881810909314,0.8508648214081524,0.8781482099321078
604,-0.8241633836921342,0.9085997380242599,0.7561375069124818,0.3009032670587924,-0.5527137238424564,-0.5067873731938901,-0.5012574673372111,0.5195881810909314,0.8508648214081524,0.8781482099321078
605,1.2133516482134197,-1.4829825668676926,-1.3225107746384335,0.231855615029561,-0.5527137238424564,-0.5067873731938901,0.9816883973288109,0.5195881810909314,-1.1752748202059096,0.8781482099321078
606,-0.8241633836921342,0.9085997380242599,0.7561375069124818,0.7842368312634119,-0.5527137238424564,-0.5067873731938901,-0.5187428073603605,0.5195881810909314,0.8508648214081524,0.8781482099321078
607,1.2133516482134197,0.9085997380242599,0.7561375069124818,-0.6657638613504469,-0.5527137238424564,-0.5067873731938901,-0.5167731074355907,-2.0494867143031175,0.8508648214081524,0.8781482099321078
608,1.2133516482134197,-1.4829825668676926,-1.3225107746384335,0.43899857111725515,0.5225107881133605,1.8362815210531864,1.6149412522212485,0.5195881810909314,-1.1752748202059096,-1.1387599367506689
609,-0.8241633836921342,0.9085997380242599,0.7561375069124818,-0.9419544694673723,-0.5527137238424564,-0.5067873731938901,-0.5064558116684177,0.5195881810909314,0.8508648214081524,0.8781482099321078
610,1.2133516482134197,-1.4829825668676926,-1.3225107746384335,1.4747133515557256,0.5225107881133605,-0.5067873731938901,0.8202240417874754,0.5195881810909314,-1.1752748202059096,-1.1387599367506689
611,-0.8241633836921342,0.9085997380242599,-1.3225107746384335,0.05923648495648259,-0.5527137238424564,-0.5067873731938901,-0.5069283884258001,-0.7649492666060931,-1.1752748202059096,0.8781482099321078
612,-0.8241633836921342,0.9085997380242599,0.7561375069124818,0.16280796300032965,-0.5527137238424564,-0.5067873731938901,-0.4953502578699309,0.5195881810909314,0.8508648214081524,0.8781482099321078
613,-0.8241633836921342,0.9085997380242599,0.7561375069124818,-0.3895732532335213,-0.5527137238424564,-0.5067873731938901,-0.473848015409031,0.5195881810909314,0.8508648214081524,0.8781482099321078
614,-0.8241633836921342,0.9085997380242599,0.7561375069124818,1.2675703954680315,-0.5527137238424564,-0.5067873731938901,-0.5049586885010302,0.5195881810909314,0.8508648214081524,0.8781482099321078
615,-0.8241633836921342,-0.2871914144217163,-1.3225107746384335,1.888999263731114,-0.5527137238424564,-0.5067873731938901,-0.45494494511373434,0.5195881810909314,-1.1752748202059096,0.8781482099321078
616,1.2133516482134197,-0.2871914144217163,-1.3225107746384335,1.6818563076434199,0.5225107881133605,3.007815968176725,-0.21865656642252623,0.5195881810909314,-1.1752748202059096,-1.1387599367506689
617,-0.8241633836921342,0.9085997380242599,0.7561375069124818,-0.8038591654089096,-0.5527137238424564,-0.5067873731938901,-0.5069283884258001,0.5195881810909314,0.8508648214081524,0.8781482099321078
618,1.2133516482134197,0.9085997380242599,-1.3225107746384335,-1.7014786417889174,-0.5527137238424564,-0.5067873731938901,-0.41761138128052344,0.5195881810909314,-1.1752748202059096,0.8781482099321078
619,1.2133516482134197,-1.4829825668676926,-1.3225107746384335,0.9223321353218747,-0.5527137238424564,0.664747073929648,3.341500435317906,0.5195881810909314,-1.1752748202059096,-1.1387599367506689
620,1.2133516482134197,0.9085997380242599,-1.3225107746384335,-1.1490974255550663,-0.5527137238424564,-0.5067873731938901,-0.5167731074355907,-2.0494867143031175,-1.1752748202059096,0.8781482099321078
621,1.2133516482134197,-1.4829825668676926,-1.3225107746384335,-0.8729068174381409,0.5225107881133605,-0.5067873731938901,0.42404782361755977,0.5195881810909314,-1.1752748202059096,-1.1387599367506689
622,-0.8241633836921342,-1.4829825668676926,0.7561375069124818,-0.044334993087364466,-0.5527137238424564,-0.5067873731938901,-0.08633507435544971,0.5195881810909314,0.8508648214081524,0.8781482099321078
623,-0.8241633836921342,0.9085997380242599,0.7561375069124818,-0.32052560120428997,-0.5527137238424564,-0.5067873731938901,-0.5201605376325078,0.5195881810909314,0.8508648214081524,0.8781482099321078
624,-0.8241633836921342,0.9085997380242599,0.7561375069124818,-0.32052560120428997,-0.5527137238424564,-0.5067873731938901,-0.5163799235734484,0.5195881810909314,0.8508648214081524,0.8781482099321078
625,1.2133516482134197,0.9085997380242599,-1.3225107746384335,-0.8038591654089096,-0.5527137238424564,-0.5067873731938901,-0.5117335488948646,0.5195881810909314,-1.1752748202059096,0.8781482099321078
626,-0.8241633836921342,0.9085997380242599,0.7561375069124818,-1.4943356857012233,3.748184323980811,0.664747073929648,-0.10287526086383428,-0.7649492666060931,-1.1752748202059096,-1.1387599367506689
627,1.2133516482134197,0.9085997380242599,0.7561375069124818,-1.9776692499058428,0.5225107881133605,1.8362815210531864,-0.2644965118886206,0.5195881810909314,-1.1752748202059096,-1.1387599367506689
628,-0.8241633836921342,-1.4829825668676926,0.7561375069124818,1.1294750914095688,-0.5527137238424564,-0.5067873731938901,0.8436959841731454,-2.0494867143031175,0.8508648214081524,0.8781482099321078
629,-0.8241633836921342,-0.2871914144217163,0.7561375069124818,-0.9419544694673723,-0.5527137238424564,-0.5067873731938901,-0.1619473555366363,0.5195881810909314,0.8508648214081524,0.8781482099321078
630,-0.8241633836921342,0.9085997380242599,0.7561375069124818,-0.32052560120428997,-0.5527137238424564,-0.5067873731938901,-0.5041723207767458,0.5195881810909314,0.8508648214081524,0.8781482099321078
631,-0.8241633836921342,-0.2871914144217163,0.7561375069124818,0.6461415272049492,-0.5527137238424564,-0.5067873731938901,-0.4076872693754927,0.5195881810909314,0.8508648214081524,0.8781482099321078
632,1.2133516482134197,-1.4829825668676926,-1.3225107746384335,1.3366180474972629,-0.5527137238424564,-0.5067873731938901,-0.16328569291354328,0.5195881810909314,-1.1752748202059096,0.8781482099321078
633,1.2133516482134197,0.9085997380242599,-1.3225107746384335,0.09376031097109827,-0.5527137238424564,-0.5067873731938901,-0.48928615291919975,0.5195881810909314,-1.1752748202059096,0.8781482099321078
634,-0.8241633836921342,0.9085997380242599,0.7561375069124818,0.024712658941866902,-0.5527137238424564,-0.5067873731938901,-0.5167731074355907,-2.0494867143031175,0.8508648214081524,0.8781482099321078
635,-0.8241633836921342,0.9085997380242599,-1.3225107746384335,0.024712658941866902,0.5225107881133605,0.664747073929648,-0.1969180355829351,0.5195881810909314,-1.1752748202059096,-1.1387599367506689
636,-0.8241633836921342,-0.2871914144217163,0.7561375069124818,0.3009032670587924,-0.5527137238424564,-0.5067873731938901,-0.4076872693754927,0.5195881810909314,0.8508648214081524,0.8781482099321078
637,1.2133516482134197,-0.2871914144217163,-1.3225107746384335,0.09376031097109827,0.5225107881133605,0.664747073929648,-0.15722158796281213,0.5195881810909314,-1.1752748202059096,-1.1387599367506689
638,1.2133516482134197,-1.4829825668676926,0.7561375069124818,-1.287192729613529,0.5225107881133605,1.8362815210531864,1.6149412522212485,0.5195881810909314,-1.1752748202059096,-1.1387599367506689
639,1.2133516482134197,0.9085997380242599,0.7561375069124818,-2.0177168880827967,-0.5527137238424564,0.664747073929648,-0.4924354044303962,-2.0494867143031175,-1.1752748202059096,-1.1387599367506689
640,1.2133516482134197,0.9085997380242599,0.7561375069124818,-0.1824302971458272,-0.5527137238424564,-0.5067873731938901,-0.521578267904655,0.5195881810909314,0.8508648214081524,0.8781482099321078
641,-0.8241633836921342,0.9085997380242599,0.7561375069124818,0.09376031097109827,-0.5527137238424564,-0.5067873731938901,-0.5064558116684177,0.5195881810909314,0.8508648214081524,0.8781482099321078
642,-0.8241633836921342,-1.4829825668676926,0.7561375069124818,0.6461415272049492,-0.5527137238424564,-0.5067873731938901,-0.6534271832143491,0.5195881810909314,0.8508648214081524,0.8781482099321078
643,-0.8241633836921342,0.9085997380242599,-1.3225107746384335,-0.8038591654089096,-0.5527137238424564,-0.5067873731938901,-0.5064558116684177,0.5195881810909314,-1.1752748202059096,0.8781482099321078
644,-0.8241633836921342,-0.2871914144217163,0.7561375069124818,0.6461415272049492,-0.5527137238424564,-0.5067873731938901,-0.4076872693754927,0.5195881810909314,0.8508648214081524,0.8781482099321078
645,1.2133516482134197,-1.4829825668676926,-1.3225107746384335,0.231855615029561,0.5225107881133605,-0.5067873731938901,0.3503258494659029,0.5195881810909314,-1.1752748202059096,-1.1387599367506689
646,-0.8241633836921342,0.9085997380242599,0.7561375069124818,-0.25147794917505856,-0.5527137238424564,-0.5067873731938901,-0.5043292162601969,0.5195881810909314,0.8508648214081524,0.8781482099321078
647,-0.8241633836921342,0.9085997380242599,0.7561375069124818,0.6461415272049492,-0.5527137238424564,-0.5067873731938901,-0.1969180355829351,0.5195881810909314,0.8508648214081524,0.8781482099321078
648,-0.8241633836921342,-0.2871914144217163,0.7561375069124818,0.36995091908802374,-0.5527137238424564,-0.5067873731938901,-0.45494494511373434,0.5195881810909314,0.8508648214081524,0.8781482099321078
649,-0.8241633836921342,0.9085997380242599,-1.3225107746384335,-1.632430989759686,3.748184323980811,1.8362815210531864,-0.06223365972894651,0.5195881810909314,-1.1752748202059096,-1.1387599367506689
650,-0.8241633836921342,0.9085997380242599,0.7561375069124818,0.05923648495648259,-0.5527137238424564,-0.5067873731938901,-0.5012574673372111,0.5195881810909314,0.8508648214081524,0.8781482099321078
651,-0.8241633836921342,0.9085997380242599,-1.3225107746384335,-0.4586209052627527,-0.5527137238424564,-0.5067873731938901,-0.5036203511241232,0.5195881810909314,-1.1752748202059096,0.8781482099321078
652,-0.8241633836921342,-0.2871914144217163,0.7561375069124818,0.09376031097109827,0.5225107881133605,0.664747073929648,0.04606581060686702,-2.0494867143031175,0.8508648214081524,-1.1387599367506689
653,-0.8241633836921342,0.9085997380242599,0.7561375069124818,0.9223321353218747,-0.5527137238424564,-0.5067873731938901,-0.5315023798096857,0.5195881810909314,0.8508648214081524,0.8781482099321078
654,-0.8241633836921342,0.9085997380242599,0.7561375069124818,-1.3562403816427606,2.672959812024994,1.8362815210531864,-0.12603152197557269,0.5195881810909314,-1.1752748202059096,-1.1387599367506689
655,1.2133516482134197,-1.4829825668676926,-1.3225107746384335,1.5437610035849572,0.5225107881133605,0.664747073929648,1.1140098893958874,0.5195881810909314,-1.1752748202059096,-1.1387599367506689
656,1.2133516482134197,0.9085997380242599,0.7561375069124818,-0.1824302971458272,-0.5527137238424564,-0.5067873731938901,-0.4896793367813419,0.5195881810909314,0.8508648214081524,0.8781482099321078
657,-0.8241633836921342,-1.4829825668676926,0.7561375069124818,0.5770938751757179,-0.5527137238424564,-0.5067873731938901,-0.6534271832143491,0.5195881810909314,0.8508648214081524,0.8781482099321078
658,1.2133516482134197,0.9085997380242599,-1.3225107746384335,-0.1824302971458272,-0.5527137238424564,0.664747073929648,-0.41761138128052344,0.5195881810909314,-1.1752748202059096,-1.1387599367506689
659,-0.8241633836921342,0.9085997380242599,0.7561375069124818,-1.9086215978766115,3.748184323980811,0.664747073929648,0.09678841913023657,0.5195881810909314,-1.1752748202059096,-1.1387599367506689
660,1.2133516482134197,-0.2871914144217163,0.7561375069124818,-1.9776692499058428,-0.5527137238424564,1.8362815210531864,0.04606581060686702,-2.0494867143031175,-1.1752748202059096,-1.1387599367506689
661,1.2133516482134197,0.9085997380242599,-1.3225107746384335,-1.0110021214966036,0.5225107881133605,-0.5067873731938901,-0.3801984245520723,-2.0494867143031175,-1.1752748202059096,-1.1387599367506689
662,1.2133516482134197,-0.2871914144217163,0.7561375069124818,-1.9894073507508123,0.5225107881133605,0.664747073929648,-0.298994615177537,0.5195881810909314,-1.1752748202059096,-1.1387599367506689
663,-0.8241633836921342,0.9085997380242599,0.7561375069124818,-0.4586209052627527,-0.5527137238424564,-0.5067873731938901,-0.5049586885010302,0.5195881810909314,0.8508648214081524,0.8781482099321078
664,-0.8241633836921342,0.9085997380242599,0.7561375069124818,-0.8038591654089096,-0.5527137238424564,-0.5067873731938901,-0.49653169976338696,0.5195881810909314,0.8508648214081524,0.8781482099321078
665,1.2133516482134197,-1.4829825668676926,-1.3225107746384335,0.6461415272049492,0.5225107881133605,0.664747073929648,0.918520007323018,-2.0494867143031175,-1.1752748202059096,-1.1387599367506689
666,-0.8241633836921342,0.9085997380242599,0.7561375069124818,-0.5967162093212154,-0.5527137238424564,-0.5067873731938901,-0.4896793367813419,0.5195881810909314,0.8508648214081524,0.8781482099321078
667,1.2133516482134197,0.9085997380242599,0.7561375069124818,0.16280796300032965,-0.5527137238424564,-0.5067873731938901,0.41451689557467125,0.5195881810909314,0.8508648214081524,0.8781482099321078
668,-0.8241633836921342,0.9085997380242599,0.7561375069124818,-0.6657638613504469,-0.5527137238424564,-0.5067873731938901,-0.5036203511241232,0.5195881810909314,0.8508648214081524,0.8781482099321078
669,-0.8241633836921342,-0.2871914144217163,0.7561375069124818,-0.9419544694673723,-0.5527137238424564,-0.5067873731938901,-0.45494494511373434,0.5195881810909314,0.8508648214081524,0.8781482099321078
670,1.2133516482134197,-1.4829825668676926,-1.3225107746384335,0.024712658941866902,-0.5527137238424564,-0.5067873731938901,-0.06743200406015305,-2.0494867143031175,-1.1752748202059096,0.8781482099321078
671,-0.8241633836921342,0.9085997380242599,0.7561375069124818,0.33542709307340807,-0.5527137238424564,-0.5067873731938901,-0.531738668188377,-2.0494867143031175,0.8508648214081524,0.8781482099321078
672,-0.8241633836921342,0.9085997380242599,0.7561375069124818,-0.8729068174381409,-0.5527137238424564,-0.5067873731938901,-0.4896793367813419,0.5195881810909314,0.8508648214081524,0.8781482099321078
673,-0.8241633836921342,0.9085997380242599,0.7561375069124818,0.8532844832926434,-0.5527137238424564,-0.5067873731938901,-0.5107090024848594,0.5195881810909314,0.8508648214081524,0.8781482099321078
674,-0.8241633836921342,0.9085997380242599,0.7561375069124818,0.36995091908802374,-0.5527137238424564,-0.5067873731938901,-0.5041723207767458,-2.0494867143031175,0.8508648214081524,0.8781482099321078
675,-0.8241633836921342,-0.2871914144217163,0.7561375069124818,-0.11338264511659583,-0.5527137238424564,0.664747073929648,-0.029625863469559765,0.5195881810909314,0.8508648214081524,-1.1387599367506689
676,-0.8241633836921342,0.9085997380242599,0.7561375069124818,-1.7705262938181487,3.748184323980811,1.8362815210531864,-0.06223365972894651,0.5195881810909314,-1.1752748202059096,-1.1387599367506689
677,-0.8241633836921342,0.9085997380242599,0.7561375069124818,3.0628093482280474,-0.5527137238424564,-0.5067873731938901,-0.5064558116684177,0.5195881810909314,0.8508648214081524,0.8781482099321078
678,-0.8241633836921342,0.9085997380242599,-1.3225107746384335,-1.425288033671992,0.5225107881133605,0.664747073929648,-0.3652347541063155,-2.0494867143031175,-1.1752748202059096,-1.1387599367506689
679,1.2133516482134197,-1.4829825668676926,-1.3225107746384335,-0.9419544694673723,-0.5527137238424564,0.664747073929648,0.09135378642033876,0.5195881810909314,-1.1752748202059096,-1.1387599367506689
680,-0.8241633836921342,-0.2871914144217163,-1.3225107746384335,0.9913797873511061,0.5225107881133605,-0.5067873731938901,-0.1619473555366363,0.5195881810909314,-1.1752748202059096,-1.1387599367506689
681,1.2133516482134197,0.9085997380242599,-1.3225107746384335,-0.8038591654089096,-0.5527137238424564,0.664747073929648,-0.47668347595332544,0.5195881810909314,-1.1752748202059096,-1.1387599367506689
682,1.2133516482134197,-1.4829825668676926,-1.3225107746384335,1.0604274393803375,0.5225107881133605,0.664747073929648,2.463059636239235,0.5195881810909314,-1.1752748202059096,-1.1387599367506689
683,1.2133516482134197,-1.4829825668676926,0.7561375069124818,1.4747133515557256,-0.5527137238424564,-0.5067873731938901,-0.15155066687422314,0.5195881810909314,0.8508648214081524,0.8781482099321078
684,1.2133516482134197,0.9085997380242599,-1.3225107746384335,-0.3895732532335213,-0.5527137238424564,3.007815968176725,-0.2893861845464377,-2.0494867143031175,-1.1752748202059096,-1.1387599367506689
685,-0.8241633836921342,0.9085997380242599,0.7561375069124818,0.7842368312634119,1.5977353000691772,-0.5067873731938901,-0.38673699656721544,0.5195881810909314,0.8508648214081524,-1.1387599367506689
686,-0.8241633836921342,-0.2871914144217163,0.7561375069124818,-0.5967162093212154,0.5225107881133605,-0.5067873731938901,-0.4360418748184377,0.5195881810909314,0.8508648214081524,-1.1387599367506689
687,1.2133516482134197,-1.4829825668676926,-1.3225107746384335,1.2675703954680315,-0.5527137238424564,-0.5067873731938901,-0.16328569291354328,0.5195881810909314,-1.1752748202059096,0.8781482099321078
688,-0.8241633836921342,-0.2871914144217163,0.7561375069124818,-0.3895732532335213,-0.5527137238424564,-0.5067873731938901,-0.4076872693754927,0.5195881810909314,0.8508648214081524,0.8781482099321078
689,1.2133516482134197,-0.2871914144217163,-1.3225107746384335,0.8532844832926434,-0.5527137238424564,-0.5067873731938901,-0.4076872693754927,0.5195881810909314,-1.1752748202059096,0.8781482099321078
690,1.2133516482134197,-0.2871914144217163,-1.3225107746384335,-0.1824302971458272,0.5225107881133605,-0.5067873731938901,-0.3914627641410396,-2.0494867143031175,-1.1752748202059096,-1.1387599367506689
691,-0.8241633836921342,-1.4829825668676926,0.7561375069124818,0.09376031097109827,-0.5527137238424564,-0.5067873731938901,0.3010984738028914,0.5195881810909314,0.8508648214081524,0.8781482099321078
692,1.2133516482134197,0.9085997380242599,0.7561375069124818,-1.7705262938181487,0.5225107881133605,0.664747073929648,-0.442973630695723,0.5195881810909314,-1.1752748202059096,-1.1387599367506689
693,-0.8241633836921342,0.9085997380242599,0.7561375069124818,-0.25147794917505856,-0.5527137238424564,-0.5067873731938901,-0.5041723207767458,0.5195881810909314,0.8508648214081524,0.8781482099321078
694,1.2133516482134197,-1.4829825668676926,-1.3225107746384335,1.1985227434388002,0.5225107881133605,0.664747073929648,0.34000855369872995,0.5195881810909314,-1.1752748202059096,-1.1387599367506689
695,-0.8241633836921342,-1.4829825668676926,0.7561375069124818,0.231855615029561,-0.5527137238424564,-0.5067873731938901,-0.5589118317378658,0.5195881810909314,0.8508648214081524,0.8781482099321078
696,-0.8241633836921342,0.9085997380242599,0.7561375069124818,1.1985227434388002,-0.5527137238424564,-0.5067873731938901,-0.4832995505566793,0.5195881810909314,0.8508648214081524,0.8781482099321078
697,1.2133516482134197,-0.2871914144217163,-1.3225107746384335,-0.11338264511659583,0.5225107881133605,-0.5067873731938901,-0.1997534961272296,-2.0494867143031175,-1.1752748202059096,-1.1387599367506689
698,1.2133516482134197,0.9085997380242599,-1.3225107746384335,-1.0110021214966036,-0.5527137238424564,-0.5067873731938901,-0.5168525003308309,-2.0494867143031175,-1.1752748202059096,0.8781482099321078
699,-0.8241633836921342,0.9085997380242599,0.7561375069124818,-0.6657638613504469,-0.5527137238424564,-0.5067873731938901,-0.4673113337009174,0.5195881810909314,0.8508648214081524,0.8781482099321078
700,-0.8241633836921342,0.9085997380242599,0.7561375069124818,-0.7348115133796782,-0.5527137238424564,-0.5067873731938901,-0.5041723207767458,0.5195881810909314,0.8508648214081524,0.8781482099321078
701,1.2133516482134197,-1.4829825668676926,-1.3225107746384335,1.8199516117018826,-0.5527137238424564,0.664747073929648,0.918520007323018,-2.0494867143031175,-1.1752748202059096,-1.1387599367506689
702,1.2133516482134197,-0.2871914144217163,-1.3225107746384335,-0.32052560120428997,-0.5527137238424564,0.664747073929648,-0.1619473555366363,0.5195881810909314,-1.1752748202059096,-1.1387599367506689
703,-0.8241633836921342,0.9085997380242599,0.7561375069124818,0.231855615029561,-0.5527137238424564,-0.5067873731938901,-0.5041723207767458,0.5195881810909314,0.8508648214081524,0.8781482099321078
704,-0.8241633836921342,0.9085997380242599,-1.3225107746384335,-0.527668557291984,-0.5527137238424564,-0.5067873731938901,-0.4546292638398029,0.5195881810909314,-1.1752748202059096,0.8781482099321078
705,-0.8241633836921342,-0.2871914144217163,0.7561375069124818,-0.11338264511659583,-0.5527137238424564,-0.5067873731938901,-0.45494494511373434,0.5195881810909314,0.8508648214081524,0.8781482099321078
706,-0.8241633836921342,0.9085997380242599,0.7561375069124818,-0.32052560120428997,-0.5527137238424564,-0.5067873731938901,-0.5201605376325078,0.5195881810909314,0.8508648214081524,0.8781482099321078
707,-0.8241633836921342,0.9085997380242599,-1.3225107746384335,0.6461415272049492,-0.5527137238424564,5.350884862423801,-0.10287526086383428,-0.7649492666060931,-1.1752748202059096,-1.1387599367506689
708,-0.8241633836921342,-0.2871914144217163,0.7561375069124818,-0.1824302971458272,-0.5527137238424564,-0.5067873731938901,-0.4076872693754927,0.5195881810909314,0.8508648214081524,0.8781482099321078
709,1.2133516482134197,-1.4829825668676926,-1.3225107746384335,-0.7348115133796782,-0.5527137238424564,-0.5067873731938901,-0.08633507435544971,0.5195881810909314,-1.1752748202059096,0.8781482099321078
710,1.2133516482134197,-1.4829825668676926,0.7561375069124818,-0.25147794917505856,-0.5527137238424564,-0.5067873731938901,-0.08633507435544971,-2.0494867143031175,0.8508648214081524,0.8781482099321078
711,-0.8241633836921342,0.9085997380242599,0.7561375069124818,0.16280796300032965,-0.5527137238424564,-0.5067873731938901,-0.5069283884258001,-0.7649492666060931,0.8508648214081524,0.8781482099321078
